0110000111001111000001000001101001011101000001010101110010000001011011011000100101111010000010110110
1011110100001100110101100100001011000010001100110000111010100010100100011000010001010001011011111001
1101100101001000001110101000010010000110110011100001000110001100111111010010101010110110010000101000
0110010111010101100000110001100011100000101011011010101001001101101001101100001000001111000000101001
0110000001111110100000000010000101100100001101101011001011110010011011110001110011100100000001001101
0101001010100011000000011000001000000111100101001100001011100000100111011101001111110011110100011001
0000010111010110110000000100110010100011110010001100010110010010011000011000111110100001011000101111
1111001011101010010000100110001000101011100101100011011001010101011000100010001000000001110101110010
1001011100101100111010101010010111000001001001110111101100000000100010101100100110100000000100011110
1011101100000110001011010010011101000000010010101000110011010100000000111100001011010111100110000111
0000110110010101001100011010001110000000000100010011011100011001011110011001111001000111010110100010
0001101000101000101100000101111011100000100001001010111011000101010111000010110110010010001110010011
1110100110010110000011010110000111100001110100001110100000001011110110000101101010011000111000010000
1101101011101001010000001101110110000010011101000000100100010011001101101011010011011011100000000100
1000111101001000010010000001101011111100111001100000001001111000100110001001111100001101010110000100
1001010000100100100011111100001010110101110110100000000010011101010011101000110011001000000101110101
0101101010010001010001100110110100101000000111110000010000111100000111010100101101011100010000011110
0100001110000110101000011000100010101100010100111111010010101101100100100010010010110111000011010100
0010000011110000010100101000010001110001011000101001110111110001110111001100001001001011011001010100
0110000000110000001010000011100010101110010100110100111101000110101100111000101111001000100100110101
0010000011001011000100011100010010100111001010110110111001110100000010000111110011011001000010101010
1100000001001001100000110000000110110010011111000111010101110011100010011010001110000110001110010011
0111000110000001101001001000010011011101111100001010100001010110001100010001110100000010110111001110
0001010001101001010011001111010010011000010111011010111011000000111000010001101000110101001001010100
0010010010100101011010110110101101100110111001000011110010100010000001000010101100010100110010100101
0100001100011101100010011001010101111110100000100000111110010011100111010100000000100101100101100010
0000100111101000100100011000011010001100110011111101101000111011000001111000000100011000111001000011
1001000000010110000100010100000010011010101101101011100100100100000010101100111101110110111001100110
1001001000010110110100001000011111010101110110010001111001100010010010110011001000001110100000111000
0010001011010100101010110110101100011000101101110100000011000000101010011011010010011010011101100000
1100010101110011000000001010110001110000100111010101100110010110100100100110111001010000001111001000
0000100011101100100001001100110001011111000010000011001011001100101100101100011111000100111010110000
0111001010111111010111110011100000110101010011100001001110000000000100110101010000000010011010000011
1101100011011010001000101100101100010110010110111110011100001000000001000101100100000011001101100101
0001101100011011111111001100001010010000000001010111000001010010101001000100001011101010110011100101
1000000000000011001001110101111111101001000000111011001100110000111101111010100010010001110000001001
1000000100000010110100110111010100010100011001000101111010001111001001000101111011000011010100011001
1010110000000011010110101110100111001000100001001110000111010001000100110000000111001111001001111010
0110011100000100000111001101000101000001000011011001011000110101100001110011111110001010011101000100
1000011110001001001010100000100110010010000001111100110011101110011111100001011001000100101001000011
0011011100011011000000101111111000000100001010101011010100101111101010011001000011000000101010010100
0010001001001111011101111010100011001000000101001000011000011110110011001110010101100000101100101000
0101100010000110001011101001010000001000100001010100001111111011010010110110111000000001101010110101
0100110100101101110101110001111001000000010000101101000111100100001010000111101110001001100001100010
0011001001000001100011010010101111000010100000100101101101101011011100000110110101100011010001010100
1011110110010110100001011011011010101111011000010000010101100000011101000110000111000100001101000000
0110100111000011111110000111010011010001100110010010000110100001000001001011011101100100100100010001
1101000010100000110110010010111001110011001001101000000000011111110000010001100111100111101010100000
0001111001011000011000110011000001010111110100010100100000110001101001110110110011000100010010110010
1000011010001000010111000010011001101101001110001010001100000111001111011110011000010110000001100101
0001100110111000010011111001000101110100100000100100010000100110011000111010011101111011001100001000
1010100110100000011001001011101110111010100110000000100001100101100011010101010010100001001000101111
1101000011011100001110111111101000001001000010001001000000110010001110000000011110101101000111011001
1100001101110000111111011100100001001011110001000010000101101001001010111101100001010000000011001001
0101110110110010000110010110100111011010011010000100000010110100111011001010000000000010100011011110
0010001010100100001101000101001011010100101111100100010000011010111001100101001110010101000011011010
1110111001010001011000011100011110001101001100100000001000100111111000100100101100101010001010000011
0001110101010010001111110000110100100101001111000001010000000011100101101001110100110001100001110010
0100110000000010111011001011100000010011101111101011111010011010011100001100000010011010000100100010
0000101101100111101011100110001000110110011000011000101100100101001110100001001100110010001000111000
0011000000101011110000000010000101001001111010010000010100100000101111100000111010111011101111100011
0011000101010001110110100001001100001011110100010111001010010010010111101101000110010101001010000100
0100101000001100000101101110101000101001111010010110100111100100110001101001100001100111010100000010
1001000100111101011001000110000000001110101010111101010011010000110100001111110100001110100000001001
0111010010001010011101010100011100110010110000011001001111001011001010100000010101011100000100001110
1010101100111001001000010000100000010001011011010010001110100111000000010100010110011101110101111100
1011101100100100000100110000010100111001100111001110111110111000100100000011000101101000000010100101
0110010000111110111100100100001110010101000011000100100001111101001000011110100000110101101100000100
1010110010111011101011000101110000000001111100000101111000011100100000110010000101100111010001000001
1011110000010101101000001110000001111011010001101101001101001110000000011011011000111001000010010010
0001100111000101010100000011101110010111001000001010010111011110100010010110100000111000010101010001
1110111001100000100101110110110010010110101000011111010000000000010111100100011000101001100110000100
1101011011100111001101000011010100010000110000100110011001100111000101000000100010101100011011101000
0001010011001000101010000101001111101000011111001101010110100101010100110001000001101000110110101000
0010000100010100010011001000111000010010011111101110001000000001001111100000100001101101111110011011
0000110000101110000010110000110011001011100100110001010101010111001001000100000000111110011110011101
1010101010111011100110111001001001011010001110011000010011001011000100101010001010100000010000001110
0100101000110111010010100001011110001011011010101111100001001001110001010000001101010000000111101000
0011011101101010101101011001101100101011001100100110100110011000000001010000110000001110101000011000
1000011010010010100101101011000101000110010111110010100111010101111010000000010000111001110010000001
0010111011011101010111000000010100111110100101011001100100101100010000001000100000000011100111011001
1100110001100101101110000001001100101101110011111010010000000010101010000110010000000011111000011110
1010111010000000010000010101000000100000010010110011100011011010001111111111100100000010101111111000
1110010001011100110010011011011000010000000000000110010101111100110101100001010100000010110000111111
1001000000001111101110000010110000100110000100000010100010101001111001111111001100000001011111001110
0011100001100010110001011101100100000101000001111100100100000111110110001011001000000000010111101111
1011010001110100011001100001110011101110000010010110001010111011000010000001001011110000110101000010
0101011101100110011010010100000001011100001110010011100101001110010111010010000111001000011000000011
0000010101001100000100101111100100110001111100110000001001001001010100010110001111110010000011001111
0110011100101010101000101011010110111010000010001000000000000010010010101111100101011111000011110001
0100001000011000001001010011011111000111111001010011000010011100000100001011001001101001000001111111
0000010111110011000101100100011001001010010001100010100000101010110100110111010010101110000000110111
1100000001110010010011101000001110100000101000011000111110001100001001011111010110101100110001010010
0100100100000001011000110111011001100111000111000100111101001000010010101000010010101110111010001100
1111001100100001000110001101110101100100011100011101000001111000011000001100010000110100011100010011
1100010110011001111101010000100100001100101010101000101101010000010001100011001011110000011110100100
0111111010000000100010100000101000011100010000000011111100010001110000001111111011111100101001000011
1000101011000111111100111001000001100010101010000101001000000100111100010001100001011100101101010011
1000001111110000100011100111000010000101000100001001001111101010100001000010100001011111101110101100
0101111001010001000101001010000011111001001000100101110010001001001010100011000110010101111100101100
