000000111101111011110111110000100001000010000100001000010000100001000010000100001000000001000010000100001
000001000010000100001000001111011110111101111100001000010000100001000010000100001000000001000010000100001
000001000010000100001000010000100001000010000011110111101111011111000010000100001000000001000010000100001
000001000010000100001000010000100001000010000100001000010000100000111101111011110111100001000010000100001
000001000010000100001000010000100001000010000100001000010000100001000010000100001000011110111101111011110
011110000001111011110111101000000010010000010010000001000001001000100000100000100000110000100001000010000
100000000010000100001000010111000010010000010101110001000001001001011100100000100000101111100001000010000
100000000010000100001000001000000011101100010010000001000001110110100011011000100000110000011111000010000
100000000010000100001000001000000010010011101010001110100001001000100000100111010000110000100000111110000
100000000010000100001000001000111100010000010010000001011110001000100000100000101111010000100001000001111
011110111100000011110111100001010000001000100000100100000100000010010001000000010001001000001000001000010
100001000000000100001000000001101110001000100000101011100100000010010010111000010001010111001000001000010
100001000000000100001000000001010000001011011000100100011011000011101101000000010001001000110110001000010
100001000000000100001000000001010001110100100111010100000100000010010001000000011110101000001001110100010
100001000000000100001000011110010000001000100000100100000100111100010001000111100001001000001000001011101
011110111101111000000111100100000100100000001000010010001000000100001000001010000010000100000100100001000
100001000010000000001000000100000101011100001000010010010111000100001000001101110010011011000100100001000
100001000010000000001000011011000100100000001000011101101000000100001000001010001101100100111010100001000
100001000010000000001000000100111010100000001000010010001000111011110100001010000010000100000101011101000
100001000010000000001000000100000100100011110111100010001000000100001011110010000010000100000100100010111
011110111101111011110000000010001000000101000001000000100010010000000100010001000100000010010000010000100
100001000010000100000000000010001000000110111001000000100010101110000100010001001011111101010000010000100
100001000010000100000000000010110110000101000110110000100010010000000100010110110100000010101110010000100
100001000010000100000000011101001000000101000001000000111101010000000111101001000100000010010001101100100
100001000010000100000000000010001001111001000001001111000010010001111000010001000100000010010000010011011
101110100000001001000001000000011110111101111010000010000010000010100000010000010010010000000100010000010
010001011100001001000001000000100001000010000101110010000010000011011100010000010010001111000100010000010
010000100000001110110001000000100001000010000010001101100010000010100000010000011101110000111010010000010
010000100000001001001110100000100001000010000010000010011101000010100011101000010010010000000101101100010
010000100011110001000001000000100001000010000010000010000010111100100000010111100010010000000100010011101
101110000101000000100010001111000000111101111001000100000001000100001001000001000000101000010000100010000
010000000110111000100010010000000001000010000001001011100001000100001010111001000000110111010000100010000
010000000101000000101101110000000001000010000110110100000001000100001001000110110000101000101110100010000
010000000101000111010010010000000001000010000001000100000001111011110101000001000000101000010001011110000
010001111001000000100010010000000001000010000001000100011110000100001001000001001111001000010000100001111
101110010000010010000000101111011110000001111000100000101000001000000100100010000001000100100000001000100
010000010000010101110000110000100000000010000000100000110111001000000100100101110001011011100000001000100
010001101100010010000000110000100000000010000000100000101000110110000111011010000001000100011110001000100
010000010011101010000000110000100000000010000111010000101000001000000100100010001110100100100001110100100
010000010000010010001111010000100000000010000000101111001000001001111000100010000001000100100000001011011
101110001000100000010100001111011110111100000000010001000100010000010000001000100100000010001001000001000
010000001000100000011011110000100001000000000000010001000100101110010000001000101011111101001001000001000
010000001011011000010100010000100001000000000000010001011011010001101100001000100100000010110111000001000
010001110100100000010100010000100001000000000000011110100100010000010000001111010100000010001000111101000
010000001000100111100100010000100001000000000111100001000100010000010011110000100100000010001001000010111
110110100000010000010010001000001000001000001000000111101111011110100000001001000001010000010000001001000
001001011100010000010010010111001000001000001000001000010000100001011100001001000001001111010000001001000
001000100000010000011101101000110110001000001000001000010000100000100000001110110001010000101110001001000
001000100011101000010010001000001001110100001000001000010000100000100000001001001110110000010001110101000
001000100000010111100010001000001000001011110000001000010000100000100011110001000001010000010000001010111
110110001001000001000000100100010000000100010011110000001111011110000101000000100010001000000101000000100
001000001010111001000000100100101110000100010100000000010000100000000110111000100010010111000101000000100
001000001001000110110000111011010000000100010100000000010000100000000101000000101101101000111011000000100
001001110101000001000000100100010000000111101100000000010000100000000101000111010010001000000100111100100
001000001001000001001111000100010001111000010100000000010000100001111001000000100010001000000101000011011
110110000100100010000001000010000010100000100011110111100000011110010000010010000000100100001000010010000
001000000100100101110001000010000011011100100100001000000000100000010000010101110000111011001000010010000
001000000111011010000001000010000010100011011100001000000000100001101100010010000000100100110110010010000
001000000100100010001110111101000010100000100100001000000000100000010011101010000000100100001001101110000
001001111000100010000001000010111100100000100100001000000000100000010000010010001111000100001000010001111
110110010000001000100100000001000100010001000011110111101111000000001000100000010100000010100000100000010
001000010000001000101011100001000100010010111100001000010000000000001000100000011011111101100000100000010
001001101100001000100100000001000101101101000100001000010000000000001011011000010100000010011110100000010
001000010000001111010100000001111010010001000100001000010000000001110100100000010100000010100001011100010
001000010011110000100100011110000100010001000100001000010000000000001000100111100100000010100000100011101
111010100000100000100000101000000100000100100010000000100100000100000001111011110111110000001000100000100
000101011100100000100000110111000100000100100101110000100100000100000010000100001000001111001000100000100
000100100011011000100000101000000100000111011010000000111011000100000010000100001000010000110110100000100
000100100000100111010000101000111010000100100010000000100100111010000010000100001000010000001001011100100
000100100000100000101111001000000101111000100010001111000100000100000010000100001000010000001000100011011
111010010001000000010001000010010000010000001000010100000010001000111100000011110111101000100000010001000
000100010010111000010001000010101110010000001000011011100010001001000000000100001000010111100000010001000
000101101101000000010001000010010001101100001000010100000010110111000000000100001000001000011110010001000
000100010001000000011110111101010000010000001000010100011101001001000000000100001000001000100001101101000
000100010001000111100001000010010000010011110111100100000010001001000000000100001000001000100000010010111
111010001000001010000010000001001000100000010001000001001000000010111101111000000111100100010001000000010
000100001000001101110010000001001001011100010001000001010111000011000010000000001000011011010001000000010
000100001000001010001101100001110110100000010110110001001000000011000010000000001000000100101111000000010
000101110100001010000010000001001000100011101001001110101000000011000010000000001000000100010000111100010
000100001011110010000010011110001000100000010001000001001000111101000010000000001000000100010001000011101
111010000100010001000100000100000010001001000000100010000001010000111101111011110000000010000100001010000
000100000100010001001011100100000010001010111000100010000001101111000010000100000000011101000100001010000
000100000100010110110100011011000010001001000000101101100001010001000010000100000000000010111010001010000
000100000111101001000100000100000011110101000111010010000001010001000010000100000000000010000101110110000
000101111000010001000100000100111100001001000000100010011110010001000010000100000000000010000100001001111
000011011101000010000100010111010000100001000101110100001000010001011101000010000100000000000010000100001
000010100010111010000100001000101110100001000010001011101000010000100010111010000100000000000010000100001
000010100001000101110100001000010001011101000010000100010111010000100001000101110100000000000010000100001
000010100001000010001011101000010000100010111010000100001000101110100001000010001011100000000010000100001
111100100001000010000100001000010000100001000010000100001000010000100001000010000100000000111101111011110
000011101100100001000010000100001001101100100001000010000100110110010011011001000010000001000000000100001
000010010000100001001101100100110110010000100110110010000100001000010000100110110010000001000000000100001
000010010011011001000010000100001000010011011001000010011011001001101100100001000010000001000000000100001
000010010000100110110010011011001000010000100001001101100100001000010000100001001101100001000000000100001
111100010000100001000010000100001000010000100001000010000100001000010000100001000010011110000001111011110
000011110100010000100001000010000100001011101000101110100010000100001000010111010001000001000010000000001
000010001000010111010001000010111010001000010000100001000010111011110100010000100001000001000010000000001
000010001000010000101110111101000100001000010000100001011101000100001011101000100001000001000010000000001
000010001011101000100001000010000101110100010111010001000010000100001000010000101110100001000010000000001
111100001000010000100001000010000100001000010000100001000010000100001000010000100001011110111100000011110
000011111000001000010000100001111100000100001000010000111110000010000100001000011111000001000010000100000
000010000100001111100000100001000010000111110111100000100001000010000111110000010000100001000010000100000
000010000100001000011111000001000011111000001000011111000001000011111000001000010000100001000010000100000
000010000111110000010000111110000010000100001000010000100001111100000100001111100000100001000010000100000
111100000100001000010000100001000010000100001000010000100001000010000100001000010000111110111101111000000
