011110111011111111101111111011010111111010101010101011110111110010111001010001101110110101101110100101110010111000001100
101101110111111101111101111110100111111101010110011011111110110011010011001010101111001101110111001011110000110100010010
110111101111111010111011111011110111101101011101100011101101110101100100111001101101111111100101001101001010110010100010
111011011111110111010111111001101111110010111101011011011011111001111000111010001111111011100011010010101010110001010100
101101111111111111001111100111011110110111101101100010111101011101101001110100011111111010011010110101001001101010100100
011110111111101110111111010100111111011101110111010011111010101101100110110110001111111011010101010110000101001110010010
111011011110111110111111101111010011111111010011000111111101001010010111100101100111100110111101100111010001011110100000
110111101101110111111111011110001110111110101110010111011111000110111011100110000110011111011011110110110000101101000001
101111110111010111111110011101110101111011101001110111100111101100111100101101001101111110101100110110000110001101100100
011111111011111001111110101101101011101111110100110101011111011101001111101100001101111110011011001010101001010101100010
111111101101101101110101111101011011011111011001111010110111111011001100011100101111111010101100101001100101010110010100
111111011110011111101001111100111100111110111110110001111110110110101100011100011101111111010010101001100110101001010010
111111110110011011111111110011011011011101111100001111010001111111001011110010101110010011111001011100111001110110001000
111110111101101111011011101111110100111011111100001111001100111110011011101001011101000111111010011011011010111001100000
111011100111110111111011100111111111001111110010101000111110111111000111010001011011110101011110001001011101011010001010
110111111011011011110101001111111110110011111011011010111110111010110010000111010111101001111110110011010100001011010100
101111111001111101111011110011111101110110111011000101111001101110110100110011010011110111110001110100011110101011001000
110110011111111110111100110111101101110111101000111100110111111111011001001010011011011100111010111000111100100101001100
111001111111101111011100011011111011101101111010110101110111110110100110000111100100111101111101101100110100000111001010
011101111110111111100011011111101111001111011001011110001111101111010110101011000011011111101101011010011100010111000001
111011111101111011100111110111110101111101100110110101110100100101111111100000111101010100010111111100010011101100101010
110111111110100101101010111111111011110001100111111111110011011001111011000110101110101000111111110110100001000100111100
101111111100111010011101111111111111001010100111101111001011001101111111110001001010110111001111010110001011011000101001
111111110011111110011010111111011110011110011111011010011100100011111110110000110111010011000111111001010011111010010001
111110100111111011001111011111111001110110010111101101111001011011011101011000111011100110110011101001101011110000111000
111101011011100011111111101110111101011100001111111111100011100111111100011010101010011111100101111100100110100100011001
111100111111010100110111110111111010101010011111111111001111010010111110001101100100101111101111101011100010010001110001
010011111111011101011111111010111100011111000111111110101110001111011111001100011011001110011110111011000101001100110001
111010110000111111111111111101111110100101001111101110101101010111110011000011110010001101111111111101011000100010101001
101110101110111111111111101010111011100011111001111100010101111001111110100001110101110000101111111000011011010011101100
011101001101011111111110111111011101100001110111111101101010111101110110001011011001101101110111011010001110000001111010
101011101011111110101111111111101000011001111111101111100000111110101110010101111100100011111100111101000111001010111000
000111010111101111110111111111110010000110111111111100011011011111101110010110010010111011011011111000101101000011011001
111111011001011111011011010110100011111111101111111010101110100101110001111011011011011101000110010111011110101000000111
111111110110101100110111001011001101101111111111111010011111010001100011110111100110111001001111000111111001010010000111
111101101110101011111110110001100110111111110011111101110011101001010101111011101011110100100101000110111111010100001110
111110111101010111101100101011100111010111111111110101111101010000110001101111110101101100110011100111111010100001100110
110111111011110111001101110100010101101111111111011111110000101010011001111110111111000010110000110111110111101100010100
111001111111111000111011011100010111010111111110111111000110100110001111111101101100010111001100001111110111011100000011
011011110111101011111001110110001111111011011111110100111101000111000101111110110011011110010001101101111101100110000011
100110111111011111010011101101001111111100111011111100011111001010011101111101010011110110001010100011111111011001000101
011011101110111101111100000111110111111100111101111110100100111101000011101111111101001000111100011111011101000110100110
100111011101111111101110000001111111111011011110111101010010111100101011110111011100110001011010010110111111001001001110
011101100111111110110001101001111011111111101111011101011000111010000110111111110101100011110001001011111111010011010010
101110011011110111110001011011011110111111110101111110000101110110101000111111110100011011101000111101111110100011000101
011111010101110000001111111110111110111101111011111111001000010101101011111110111100001011010011011111101011100000110011
110001110001001110101111111110111111111110110101111101111010000010110111010111110010100101010111100111110111001000011011
001111101010000110010111111111111111110111011110111110101001001001110100111111110011101010100101110111001111000010110101
101010001111001001101110111111111111101111101111011100100111010101101101011101111000111100001110101101101111000000101111
010101011111000101111101011101101111111111111111101100010110100001111110101110110101011000000111111010110111000101010111
110100000010111101010111111111111111011011111111110110000010111011011011011011111010000001101110011011111111010000011101
000000111100110011111110111111111001111111111111111001000001001110011111101111110000000110111001111110111111000101101001
111111111010110100010111011110010110011001001101001001101111111111111011111111101110001011101100010111000000111110110101
111101111101110010101110111000110001111000110110000110111011111110111111111111101100100111110001000110100010111101111010
111011101011001111101100110110110101110101000011100011011111111111110101011111111011101100110100100101000100101110111110
110111110111101111101101100001001011110110110010010001101111111011111111110110110111110000010011100000110001111111011110
011111110101011110010011101110101110100110010111000011110111011111110111111111010011101111010011000011001000111011110011
111010111111011101111001001111000110101111001000110010111011110111111111101101110101011100001110101001010000111111100111
110101011111001101110110011100101111001010100010111011111101111111111111011111001010111101001110000010100100011101011111
101110111110100011110110111011001011100110001001100111111110011111111101111111100010111110101001100100101000110111101101
111101001011111111111001010001110101011001111000011011110110011111111110111011111101010001100100011000010110111111011110
111110000111111101100100101011111010100001111100101011111111101111101011011111111100101001111010001001101000110011111110
000111101110111111010110100101111001010011110001001111111011110111011111111111011011100010111000010010001101011111111100
001011011101111011111010010110111100001101101100100111101111111011101111111111011000011111011000011100001100101111101011
110000110011111111110001111110011000011110011010001111111111111100011111011111110010000111111000101001110100111111011001
011111000110101001011111110111101111000101000101111010111111111100111111111010111011011000000111011000001001110110111111
101111011001000110101111011011111110100000101111110011111111110101011110110111110100111001000111110100000010101011111111
110100111000010111011111111111100101110010000011011111111111101011101111101011110011000100100111110010010010111101111101
100110011111110001001111111101011000011010101100111111010111111111110111111100111100010010001010111000100011111101111101
001001101111001010111011111101111001001110010011110101111111101111111010111101110001110110000101101000000111011111111011
010001110100111100111111001111111010001001110110011111011110111111111101100111110100000001011111011010010001011111111011
110010110100111001001110100110000111111111100110101111111111011111011010111111111010000100011010000111111001111100101111
001111111100110010011011000001000111111111111101010111011101101101111111011111110101010010000001010110011011111111100111
101111000011101010000011110000011111011110111111101011111011111111101101101111111010110011000000000101101111111010011111
011100001111010001010000111100100101111111011101111111101111111111011101110111111001001110100000001011101110110101110111
000011111111000100100100001100011010111111111111110111111111011110101111111011110100101010011000100111100101001111110111
010101010000100111110100010010101111110101111111011111111011111111110011111101110010001001110001010110111100100111011111
101000101000011110110010001011110111101011111011101111101111111110110111111110110000100101101100000111011110011011101111
111000100010100000101101111011010011111101011111111111110101110011111111111111010100000000100101101101110011110110111111
000010000001011111001001100111111100110111111111111100111100111111111111111111100001000000010010111001011111101011111111
111111001111111001001110110100110101011001100100101011100010111101001001011000000111111111111110011111101111111100111110
111111111111110100101101001001010010111001111100010011010100110000101010100100101001111011111111111111110011111111110110
110111110010101111010111110110001111010110000011001010111011001011010001010010001001111111111111110111111101111110011101
011111101111011111011001100101100101110111010001010000111100101001010100101000011110111110110111111011011111111111110110
101111101111001110100110101001111011100010110011100001111011011000100100010101001111011111111111100111101111011011111110
101111011111101011111011010001001111001110101000110000010111100101101100110000001111101111001111111100111111111111001111
011111011111000101110100011110101110100101001101110010101111010101100000001110001111110111111111111111101100100111110111
111000111101011011111010111110100101101110000010100101101111000110010101001001001011111011111111101111111110111101101011
001111111111110010010011111100011000011110011101000111001001001110001100111100001111111101111001111111101111111111110001
111101010001111110110011011010111110001000111110001011001010110110100010010011001110111110111111011111111110111011011011
111100101010110111110100111011110001110001011001001111100001111010010000001011101111101111011101111111111110110111111100
010011110101111111101100100110111000110101110110000101111000011110000011000110011111101111101011111111111101101111111010
100010111110111101110110001111011010001011101000101110000111011110001011000101001110111111110110111111111101011111101101
111001101010001100111111011111110111001001000011111010100110100001110110000001101111111101101011111111010111011110111111
110110010101011101001111101111101110100010100110111000011110010001111011000000011111111101011101111011111011111001111111
011101110100100010111111111011101011100100010111010101011001000001110110100010100111111111110110111110111011110111111011
100010111011000111101101111111011000110110001011110100110101000010111100000100110111111110111111011101110111101111111101
000111011000110111011111010111111100010001101101011110000000101101111010100010011111011011111111101110011111101111111101
011000000111111001111001111111111000001101011100111100000100110111001110001000111101011111111111110001111111110111111011
101011111000100010101110010010010111111101101111100111100001000100100001110111101110111111111101110011111111101110101111
010101111100010100010110001100100111111011110111011111001010001000010011101111001111101111111111010101111111011101110111
111010100011011100000001101110010110111111011111101010101100010010000001011101111111101111111110101110111111111010110111
110100010111100001100100111000001011111110111110111101010011010010001001011110101110111111111011101111011111110101011111
110000110000111111111001000011000111111111111010011100010100100010010011100011110111010101111111111111101111111111001111
001110000100111011010010100011101111100111111101101100001001011101000001111011011011111111111011011111110111110011101111
000001001011001111110000010100111101011111111011111100100010101110000100011111011011111111111100111111111011001111011111
101100001001010010001011111001110101111010111111111101000000100000111100111001111101110111100111111111111101111001111111
000011100110101000001111100101011011011111110111111100010000001001001111110100111111110010011111111111111110011110111111
111110010001110011001001110010000100110100001100000011111101110111111001111010111111011111110011111101111010011111111111
111100100110111000010011101001000011001010010000001011011111111011011111111001101111110111101111001011111011101111111111
100011111001011110001011000100010100011010100010000011111110101110111111110101011111110111011110110111010111110111111111
010001111110100001111100010100000001011101000000010111110111101111011111101110101111011110111101111110110101111011111111
001011100010101110110001000011011010000101011001000010111101111111100110110111110111111011111101111101011101111101111111
000100011101010111110000001001101000100010111000010101011111111110111110101111010101111111111011111010111110111110111111
001010101100010000001110101111110000100001000101100111101101011101111111101101111101101110111111111111001011111111011111
010101000011000100000101111100111000010000010111011011111010111011111110011110111111101011110111111011100111111111101111
100000000000101011101110110011111001000000100010101101110011111111111111010011111010110101111111111100111111111111110111
100110001010000101000100000001000111110011101001111010110111111001111001111111111111111000101110110111111111111111111011
011001000101001000101000000000100111101101110110110001111110110101100111111111111101111101010111001111111111111111111101
000000010000000000010011011110001110001110001111111110001111000111111111111111110010011111001111111111111111111111111110
