000000000000010010010010001101101100000110001001001100011110000011000110000011011010010010010011000011000111001101101101101101
000000111110010001101110100100100100000010110111010100001010000010011011101010010000010000011101110110000100001010100100100100
000000111111101110011000000100100100001010011000100100001101101010010100000010101101011000010010001101101100001100010100100100
000000111110011000110001000100101011100010001000111010101010011101100101000010010000010100011010000010011010011100100010100100
000000111110110001010000000111010110111101001010000100001010010010000100011101010100010000110110001010000101110100100100010100
000000111111010000010001111000110100010010101000000101110010100010101100010010010011101111100010010010000100001100100100100010
011111000000000010100011001011000111000100010001101001010011100001001010010001101001110010000101001001010010111010001001001001
011111000000100011000010011010111000100100000101110110010100000101011101100001001010001101110001000001000011100001010001001001
011111000001000010000111110101001000111011000001001000010101001001010010000101110110000011001110110001000011000001001010001001
011111000000000111111100001001001000010100100001001011101100011110100010000001001010101010000001101110100011000001001001010001
011111000001111100000010001001001001000101111110001000010100010001000010111110001010000110001001000001111101000001001001001010
001001001010000001100000000011111111000100000101010010101010000100000001001001011000110000010001100110000010110110111111011101
001010010010000000111111111100000000000010000001001011100010100000100011000011110000100010000000110010010010011011101110111111
110111000010000001001001111111110000001000010001100010100101101000010001000001101101101000000000101101101010010000010110011001
001100000010000001000101111111110100010000100001000111011011000010011110100101010000100001000100101010000111101000100001011001
001000000110000001000011111111110010100000000011111100110010000001001001010001010111010000101111010011000010010000100110100001
101000111100000001000001111111110001000001111110000010100010010000000001111110010000100100001000100010111100010000100110011010
010010010101011110000001000000001111001010001000001001010001100001100110000110100001000011000010010001011000001111111011101110
010100100101100000000000111111110000001001001010000100010101000011000100100100000111000001100010000001101101000101110111111011
101111000100100000000001100011111111001000110111010000010001000001011011101100000001000001001101110101001000000010110011001000
011000000100110000000001010011111111110111001100000000010011000101001100010100010010110101001010000011010110100100001011001000
010000001100101000000001001011111111001100011000100000110110110001000101011011001001001110110011000001001000010100110100001000
110000111010100100000001000011111111011000101000000011101001011110100100000100000001101001000010101110101000000100110011010000
000101101000111111011110000000000000000101000110010100001100000110000000101000001110010000110001000100100101100111011101110111
010001001000111110110000000010001111100100001100101111001000010100000100010111101000011000010011001011110000100001011001000100
000001011000111110101000000001001111001100111011011000001000011011100010001000001001010010010101001100001001011110100001000100
100001110110111110100100000000001111111011000100010000001001001100010000001100110100010001011110110100000000100110011010000100
111110001000111110100000000000011111010100100100010001110000100100101000011000001011101111100001010100000000100110011001000010
000010110001011110111110100000001000010010100000011000111100101000110010001010011110000110001000010100001111001100001000100110
100010101111011110111110010000000000100010000100110111000000100100111101100010100000001101110000010000010000101011010000100110
111101010001011110111110000000000010111101000010001001000000110000100010011101100100000010100100011000010001110011001000010110
000011010001011110111110000100000001000011010000101001001111011111000010100010100000010010011111100000110000001011001000100001
100100011111000001011110111110000000000001010010100101000011100010001000110000100101110000100100001000110100111010000100110011
111011100001001001011110111100000000100001000010111010100100011101100001100000000110000100101000000000111011010001000010110011
000110100001000101011110111100100000000011111101000110000100001010010000100010111010101111010000100000100101001001000100001011
000100100011000011011110111100010000111110000011000100000100100010111111000001000110001000100000011111000111000001000100110100
000110011000000100001000101001100101000000110000000001111111100010000010101010001001100010000001100100101100001110111101111011
000011001100001000001010001110100001000000011111111110000000000001000001100010101001010000010001000001111000011011110111101111
001010001000010001110110011000100001000000100100111111111010000100001000110010011010110100001001000010110110101000001001100011
100010110111000000001101110100100001000000100000111111111001001000010000100110110101000001001110110000101000001000110010100011
111101001000100001001000001011010011000000100010111111111000010000000000111101001101000000100101001000101001110000110001010011
000010001010000010101001001000111110000000100001111111111000100000111111000011001001001000000001011111001010001000110001100100
010001000110001010010010010110000010101111000000100000000111100101000101000001100100010000110010000001010010110111011110111101
011000100010010010010100010000011010110000000000011111111000000100100100000101010110000001100010010010000011100101111011110111
101111000010000011101110110000000010010000000000110001111111100100011011101001000100000000101101110100000010100010011000110001
010000010011000010011001101101000010011000000000101001111111111011100110000001000101000010100110001000001011011100100000110001
010010000010000110110001010000101101010010000000100011111111101100010100000011111000101111010010100000000010101100011000001001
110000111101111100010000010000000011010001000000100001111111110100000100111110000100000100101010000000111100100100011000110010
001100110000010100000100100001011100011111101111000000000000000010100010001100010010100011000000110110000101000111101111011110
010100010001000100010001011111000100011111011000000001000111110010000110010111100000101010000010101011110100000001001100011000
100100101110100101000000110010110100011111010100000000000111100110011101101000000000101101110000100100000100100110010100011000
111011010000001100100001100001001011011111010000000000100111111101100011001000000000100110001000100100011010010110001010011000
000100010101111010000010100001000110011111010010000000010111100011001010011000000111010010101111010101000100000110001100100000
000001100100101001000010100101111000101111011111010000000100001001010001001000011110010100011000000101001111010100000110001100
000101000101110110000110000110000100101111011111000100000001000011011110100100100000010001010100001001010101101011000001001100
100001111010001101111100000110000000101111011111000010000000011110100001000000100000111000010000101110110000010011000110010100
111110000101001000000011111010010000101111011111000000000000100001101001010000100011101111100000010001010000010011000110001010
101000011110010000100101000010010111100000101111011111000000000000101000010100110001110001000100011010010000111010100011000110
110111100001101110001100000000011000101000101111011110000000001000110000000100101111001001000000011101101001000001010011000110
001000101000011001111010001000011000100100101111011110100000010000100001011011011010001110110001010010000001010001100100000110
001001100000110001000100000111101001100001101111011110001000011111000000100100010010010001011111100010100001000001100011000001
000110000110000010000110110000110100000010000101010100010001100000011000000000111111110001000000010101000110101110011111101111
001100001100010000000010011010010110000100000110000101010010100000001111111111000000000000100001010011010100100011111101111110
000100010101000000001011101101010100001000111011001100010000100000010010011111111101000010000100011001001101011000100100001110
111011000100001000100011010000011011100000000100111010110000100000010001011111111100000100001000010001011010110000011010001110
100100111010000101111100010000010100010000100100000111101000100000010000011111111100101000000000111110100100100000011100010110
000101000100100001000010010111100101000001010100100100011111000000010000111111111100010000011111100001100100100000011100001001
011000011000011000010000001011000011000101001010001001100010010111100000010000000011110010100011000010110000010111101111110011
010001110000001100011000000101001001001001001000001010101100011000000000001111111100000010010010100000101001010101111110011111
101111010000001001101110100001000001000001110111011000100000001000000000011000111111110010001101110100100000010010001110000011
110000101110101001010000010010110001100001001100110110100000001100000000010000111111111101110010000000100000110100010110000011
010100010001110110010100000001000101010001101000001101011001001010000000010100111111110011000110001000100101101100001001000011
010000010010001010110001000001011110111110001001001000100000101000100000010001111111111010000010011111000010010100001110000100
000011100010000110001100100100101000001010000001010010001101001111110111100000000000000001010000100100001011001111110011111101
010010000011000010010101011110100000100010001001101111000001001111101100000000100011111001000010001011110010001001000011100001
000010001010001011111010101000100000000110010001110000100110101111101001000000001011111110110001000100000010011110000100100001
111101000010100011000100100011010010111101000011010000000001001111101000000000000111110001100100001100000011110110000011010001
100010111101111100000100100000100001000011111110010000000001001111101000100000000011110101001000000100111100001110000011100010
001000101000110001000000101001111010010100100010010000111110010111101111101000000010000100101001000110001111000100100001110000
110111001001101110001000001010000010001100010010100001000101110111101111100000000001001000100001001101111000000011010001110000
101000110111010000000101110110000010111011000010000001000011010111101111100100000000000001101110110010010000000011100010110000
001010001000010100100001001010101101000110111101000011000010010111101111100010000000101111010001100010010000001011100001001000
100001011110000100101001000110000111001000010000100011001011110000010111101111100000000000010100101000011000111010110000011100
001001100000010101110110010100001000110111000100000010001110010100010111101111010000000100011000100010010111100001001000011100
000001100101111010001010000100001010101000000010111100011100010001010111101111000100000000111111010001001001000001110000100100
111110100001000100001001111000011000011000100000000011110100110000110111101111000000001111100000110000001001000001110000011010
001001010100010000000110100101000011000001000010011000011011000001000010101100010100010000001100000000011111111110101011111111
000101010010000010001100000111000110001000000011001101001001000010000010000101100101010000000111111111100000000011111111110101
100001101110100001000100010110110010100000000110110110001001000100011101100100000100010000001000001111111110100000010011110100
000001011000001001111010001101000010000100010010101000101110110000000011011011001100010000001001001111111110010000001100110100
000011010000000100100101000101101101000010111101001010001001001000010010000110111000110000001000101111111110001000001011001100
111110010001000000000101111001010010010000100010001001110001100000101010010100000111100000001000011111111110000000001011110010
010100001010000110011000001010010100001100001001000111000000100010100100000001101001101011110000001000000001111111110101011111
010010101000001100010000011000111000000110001100000010100100100100100101000010001010101100000000000111111110000101011111111110
101111001000000101101110101000010000000100110111010010000000100000111011101000001000100100000000001100011111111010000001011110
110000110111000100010101110100010000111011001000000010000001101000110100000100110100100101000000001000011111111100000010011110
010000001101111010010010001000010010100100001010111100010000100001101100010000001111010100100000001001011111111100000001100110
010001001000100101010000001111100001000101011000100010001111011111000100100000001000110100010000001000111111111100000001011001
001010100100011000000010110000101001000011000100010000110110000101000001101010010010000111111011110000000000000111111110101011
011000000101010000010011011110000001100001001000101111010010010001000100110111110000000111110110000000010001111001100000001011
110111000101101110001010100000000001001001010000110000010101101001010000101000101101000111110100000000001001111110010000001011
101000111010010101111100100000000001010001100000010011101010011110100000101000010000100111110100100000000001111110100000010011
001000000110010010100011100000011110111110000001010000010010100001111111001001010000000111110100010000000011111110100000001100
000100100010100011001000100001111100011000100001010100111100001010010000001001011111001011110111110100000001000100110100000001
001100000010010011110110010010000100110111000101000101000010000110001000010001110010111011110111110010000000100011001100000001
111011000010001010101001000010001011101000000001111011100000011101100001000001100001001011110111110000000000010011110010000001
100100111101111100001000000010000101001001111110000101000000010010000000111110100001001011110111110000100000000011110100000010
100010011110001000100001010010100111000010010100100001100011100100001001010010100001111000001011110111110000000010011110100000
000010110001001000001001101101101000001010111011001000100100011011100011000010000011001010001011110111101000000001100110100000
000110100001110110000100010000101100010010100100000101011101000110011110100110000010001001001011110111100100000001011001100000
111101100000101001000000010011011010111101000110000000100100010100000001011101000110001000101011110111100000000001011110010000
101111000001000001101111011110000000100000110111101111000000010000011011110111100000001000001101111011110000000001000000000000
010000100001100001010001011101111000110000101000101110111100011000010100010111011110001100001010001011101111000000000000000000
100000011110100001100001100001110111010000110000110000111011101000011000011000011101110100001100001100001110111100000000000000
110111000001101111110110010000000000110111010100100000000101101100011000010000101110111100001000001101110110100000001000000000
001000010001010001110111101101000000110111111011001000000010011011101010010000010010110110001100001010010111011000000000000000
100000101111100001001001101110110000101000111011110110000000011011111101100000000001001101110100001000001001011000100000000000
111011000001110110100101000000001011110000100000111011011001011101111110100100000000000101001100001000011011101000000001000000
000100001001110111111010001000000100010100110000100101011110110010011110111011001000001110110101001000000101101000000000000000
100000110111001001111011110100000000111011010000100000100110111000010001011011110100001110111110110000000000010000000100000000
111101000000100101100001000011011101111101111101000010000000011000010000011101111000101111010100101000000001110000000000001000
000010000101111010100011000000101101100010111101111100010000001001011000010010111011011111011111010001000000001000000000000000
100000111011111011111100000000000010110000100010111101101000011110101000010000000111011000101111011110100000000000000000100000
111110000001100001000001111011100001010001110000100001110111011111001000110000000011101111101111100000100000000000000000000001
000001000010100011100001000111101110111110010001100000001111011111011111000001000000011000011111101111000010000000000000000000
100000111101111100100001000000011110111110111110000000000000110000111111011110000000001100001000011111011100000000000000000100
