011000110000011110000010000001010000000000001100010100001000001000000010100100000101000000101100101000110000000100100000011010001001001000000011
101000000000000000000100001110000100001100101010000010110001001101001001011000101000000101010000000100000001000000000100100000101001010011000001
110000000011101000001000110000000001011011000000010000010111100010010000000110010010101000000010100100000010000000010000001000000100110100010000
000000010000000000100000010000001001010100011000000000000101010000000000010000110000100100100101100000010011100010000100011011001000110001100111
000001000000100110000010001001010100001001000010110001000100000000100000001100100000101100010001100000000000010001000001001110000011010001110001
000010000001001000101101011000100000100000011100000000001011001100001000010100011000001000000110010110000000000001100010000010001000000100001011
100000000000000000010111011000000010010000000011000000100110100000010000001010010100000001001000010010000100000011000111101011000100010010100001
100100001001010010010000011100000100111011100110111000000001000000001001000010100001011000000000011110001000000000000010000101000000000000100000
000000010010001000010011000000110000000001000000000000010100100101001000010111101100000101000010000010110000110010000000000000010001111000010011
000000000010000100000000010110010000010000000111010000111000111100000000001010100011000100100111100100001100000000000010000010010000000000011101
001000001100001010000000001001000010001110111101000010000000001010000000000000011100110010001100010010000000010000000101010100000010000001100101
001001010000100000000010010011101000000100101011000001000100000100010000001001000000000110001001001010101100000000001100010000001101001000010100
001010000001010000000101001010010110110100010000000100000000011011001000000010000101000101101100000011010001000000010000000111010000100000000000
100000010000101000000010000000101111001000010001000000010000000101110000010000000010010000010111000000001010000001000111110000010010010100001001
101001001010010001001000010010000000110100000010110001100000000000101100101000000000000100000001000001000001111010001000110011000000000010101000
100010000100000011000001100000100000011101100000001100100111000101011000000010000100110010000001000011000001000010000100010000001000000100001010
100010010010000101011100011010001000100000010000000000001100100100000100011000001000000000101010001000000011000000011000100000110110110000000100
000000000000001110100000000100100110000110010000010000010000001010110000000011111000001101010100011000101100000000000000001011001100011000000000
000101000000000001000010011011010010001001100101010001001000100011001001000010000110010000001010100001000011000000000000110000000001011010000000
000000111000000010001000001010100000000100001001110001010011011011100010000000010010000010010101100001000001000000110100000010000001000100010000
001001000000001010010110000001010110010001100000001010000000010000000000010000100101010001110000000001001110000010000110001000001000001001011100
010001100000100010001000100000110001001100000111010000010000100000000101000011100000110010000101001000100010110000100000010001010000000000100010
100010101001010000101001100100001000100110100000100100111000110010000101000000111000100110000100000100000001000000000000001000000010000000001100
000001101000100100000010000000000000011010011100011010010001001000100000011000000011000000010000101000001011010000001000010000100100101010100100
001000000000000100000110011010000000000000110100111001000000010000101000100001001010000001100100010000111000000010001110000000000011110100100001
001101110101001010100000100000110100000000000000001110110000001001100010000000100100100011010000000000010001010101000001000000110110000000000000
010011110010100010110000100100000011010010000000000110110000000000010000100101000010000100000011000000011000101110000000010000001000001000001100
010000010100000001000010001011110001110000001000000000000010000000101100010100000100100011001100000001000010010001001010011000000100100100110000
010000000101101010110000100100001000001010010000101100000100100000000000010000010001010000010000100010100000010011100001001001000000001010001011
100010000011000000101000000100100000100000010001010000110101000000000001001010001011000001010000000000011001001110100101000001010000100100100010
000001001001010101010100010101000011011110000100000110000000110000000000101000000000000000100000100100000000000110010000101100000011100011000001
100010001100100000101100010100001000010110001000100000000101000001110000100000011010010000000000011000000100100100001100100100100000001100000001
000100000001010010000010000010010010011001000100010010110010001000000000101111001000000011000010010001000000010010110000000010101000000101100000
010010010000110001001000010000000000000010001101001000101110100100000000100001011110000010000100100001000100011010000000000000000001100010100110
000000100010110001101000001000101000000000101010111000100101000100001110000000100001100000100000100100110000010000001000000000100100000100010011
001100000000010000000100001100100000000001000000111001101100101011000000001100001101000000010000011010000101010000001100000010000010001000001110
000001010000101010000010000101000000001000000000001010100010111011010010000011000010100000100001110000100100100000001100000000100000010011000011
001100110100101100001001001100111000000000110001000001001000000110000111000001001000001000010000000000100000001000100001000000000011010011000010
011010010010010100100101000010101000100000000001000001001001010000100110000000110100000001000000010000010100101110000010000010000100001000010100
010100000011101101010110000000110000000001000000101000101010000000000011010100000011000000001010110000011000001001000011000000100000010000100100
001000010010000001000011001010110100000001000110000001000010010000000001001000000000100000100000000000110111100001100101100010111000000100001010
001010011000000100101000000000001001000110011011000110100000101000001100000001000010000001111101000000000000000101101010000001000100000010000001
010000010011000100101010100000000010010000000000000000000010101001100000011100000000000000010101111000000100111101010000100111010000100000000010
000101000010110011000001100011000000010001001010100000110010100001000011100100100100000010000000001100000100100100000110101000000001000000010000
110101000011000000010001000100010110000001010000011101001000110000110100001010000000110001000001010000100000001010010000000000010010010000001000
100001010110000000100101100000101100000010000000100000100100000011010110010100000001000101011001000001000000001000011100001001000000010001010000
010010110101001000000100000000000010000011010000000000001000010011100010010010001000000010000010110001001001000110001000011000000010101101000010
000000100111010000110100000001000100011001000000101100000010001000101000110100001000101100100000001000100001100000001000001000101000110000001000
000010010000001000010010100010010011000100010101000010001001001100010000001010000100101001000000000100000110001100000000010000011100100011000010
101010010100001001110101100001001011000000001000000100000010010101000001010001000000000110000000000010000100100001000011000100100000100011000100
000000010000000100001001110010000111100100001001000000010000000010000101001110001000000100001010000000000000100100100001111110000000001101010001
100000000000100100000010011010100000000001001001010010000000000010000010010000111000001000000010010101001110111000001100100001010000000001110010
010000000010000000001001011000101000100001000000100101001100000101100001100010000001010110000100101000100100000000000011011011000000110100000000
000010000001001000110000100000000001011010001000000010110010000100010110010010101101000000101100001001001000000000000000101100110000000000100011
010000100100001100000010011001001111100101010100000001000001010000100000010000010000011000000000001010100010100000110000000100010001101000010000
011000001100010001010111011001001000000000010000001001001100000000001000000000000000111000101001110001000100001101001000000101001000000001000010
100001000100000010100010000000000101011100001010100010010010000010001000000001000000000000110000000010111000110010010101100101000100100100010000
001110101001000110000000000011010111000000000100000010010010011010101111010000000000000000000100010100101000101000000010110000000000000010001000
001001100000000100010000000100001100100110110001010001001100000001000000100000100001010101000010000100010010010100001000010001010010001001000001
011101010000000100010001000001010010001000000000100000100000100010000000100001001000000110101110000001101100010001001001101001010010000000001000
001000101100000010100110000010100101100001111000000000000001000100110010100000000001001100000000000001011000001000000001010110101000000101100000
000100000100100000011010100000100000101010001010010000100100001100001000100100001100011000011010001000000000011100000001110001001100010000000000
110001000110100001010001010000001001100001100001100000000100010000010101000001100000000000000000000001011010000011000000101100000011001100100010
010001001101010110000000000000000110010000000000110011000000110010000001000100010010100001001000010000010011100101101100001001000000001000100000
001000000010100001110010000000000001110000000110001100001101000100100000111000100000010011000001001000000000000111100010000000111001000000100001
010000001000110100110000010000010001100000110110010010000010000000000100001000011000101000101000000000101000001010100001001000001100000000111100
000010000000011001010001110100010000001000101011000010100100100010000001000101000001000000101010000110010010000000110100000001001000000001000110
001000100001010101000000001000010000100000001100100001000000101000001001010000101000010010110010100000000001110110100011000001000000100001010100
010001011000101100100000100100000010000001000001000000011100010000010010101000010001000010000000001000000110000000110101001010110010000001100100
000000000000001010000110000100000010011001001100001001000100001001000000100000010010001110000010100110011101000101000101000001011001100000000000
100000000000000000010000010000000010111100010110000101000100100000001001001101001010110101010100000000000110010001000000000100001000101100001100
010000010000000000100110000001000000010110010000011010000100001100110010100000010100001000100011000011000000010010011000000010010110000000011001
100000000000001000000000101000111100000000010001000010000011110010001101011010100000100000011001110010001001000001000000000100000100001000010110
010101001000010010001001000110000000000100100111010101100100000010010000100011000110101000100000000000010100000100000001000110000110000100000000
010010100101001010000001000001101001000010101000101000000000000011001010100001110110011000100110000001010010100000000010000001000000010000000000
101011001000000000000000001100001001000100110101001000000000010100100010000010110000010010100000100001101101000010000001100001110100000010000000
001000111100100101100100000001001000100000001010101011000000000000000000110100010000000000010100000100010010011001010100100000001011000000001100
000000001001000001000100101000001100110001000000010000001001001000100010011000010101110000001000100100000001001100000101111000010000000000011001
010110011100000001001110010000000010001000010000000101000010001010010000101100000011000000001000000010100000001000111101010000000000100110001000
001101100010000001010010000010010100001000000000000100100000000101001101001111000001000000110001001000001000000100001010010100000010100101000010
010001001010000011000010100001011101010000000011001101000001010001010010000000000001000000000001100110010010000001010010010011000100000010000000
100000101010100100101000010100000101001000010000100001000000010000000001011001000000000110000011110100101000000001111000000001101000000101000000
001000000100010000110001101001010100100101000000000000000000000100000110011000100000000010000000011110100000010010010000111011001110000001000010
100000010100100000001001000011000011000100000100000011000010100000101000000001111000101010000011010000000001100111000000100000001111010000000000
001110000010000100000110010100000010100010001001100000010000000101000010110001000001000000010010001011001000000010110010100011000001001010000000
000000010010010100101100000010010000000000001000000010110010010010010010001101000000001100000000000110011001000001001000001010000111100010100010
001011010000000001000000000000000000010000000001100100110000110001000101011000000001010011001100110000110000010010010100110000100000001100000101
010110001101101001000010001000000000000000000101011010000011100000000110000000000100010000110000011000000010000110110110100000000110000100000010
000000000011000100010110010100001100000000010010010010000001000010011100000100000111001000110000000000010010101000000000100110000000011010001011
010000101000100001001000110101001000001001001100100000000010000110000010000000000000001000100011101010001001100000000001110110000010000000001110
100100000100100010001000100000100010100011000001000001011001000001110001011100010000000111000000010110000000011001000000010000000001001010100000
010010000000010001011001010011000001010001100100000000001000010000010010100010010000100110001010010110110000100000001000010000110000000000100001
100000100011100010100000000100000000000101000100001001010001010101100000100001100000001000010000000100000110110010000010000010000010100111001010
100101000110110001010110100100000100000001100000000011000101000000000010001010000000001000000010000010000001100110101001000000100100001011010000
001001001100010010100000001000001000000100000010001100000011010000110101001000000101100001010100001000100100001000000100001100000001100010100010
000110000101011100010100001000000000100001101100000000010000000010000001100000011101000001000000000100110110010000000001101000100100101110000000
101110000100000000110001000010100110100100100010000010010000000000010100100101001100001001000000001010000010100000101110000000010010000000101000
000001110010000001000000100000011001101100101010000100010100000100000000100000000111001100110000000001000011000000100001001000010001100010011000
100000010001000011000101000000010001000000110001000011100000010010001000000000010010100101000010100101010000011011000001000000000000000111011001
011001010100000000000010000000100010000000010000100100000110000000100100000011001110010000111001001001000001100010100001000110100000011000100100
000001111011100100000000000010000001000000000000010000101000000000100101100000101010110001110100100001000110001100000000101000101000010101000000
000000000000101100111000000100001100000000000110000101010001101000000001001100000000100000000000011110110000100100000111010000000110110000000101
100000001001000001000100100010000010110010001001000010101101000001000000000100100110001000010011000001000011000101000010000110000010000001100100
100100001000100000000000111001000010001110000000000000001010101100100100011010001000011010010001001001000100000000101010001000000000000011011000
000000010101010001001001101001000000000100000010000101001101101001000100100100010100110001000000000000000010110000110000000010100000010011000001
000000100101000001001000000000010101101010110000110110010001000000001110010100000000000000001011000010010001000010110000010000000011010000100001
001100000000010010101101000100000000000010000000100100100010001100101010001010001000000110001001110010101000001110000001000100000001000000010001
010100000000101110110011010001000001000010000011000000000000000100010100100101000001010001000100010100100100011000010010000100000000000101010001
000100001000001000000100001000010000101010110001011100101100000100010000001000000001000011011100100101001000000001010000001000001111000100000000
000010001010001000000101010110001111000000100000000100001011010000010011000010000010001000101001001000001001000100100110001000001001010000000000
000000000000001000000000001001000100011100101100100100010100110001000000000011100000000010100010001010000011000001101010001010100110001100000001
100000000000000000000000011001110000001001110010101000010010010110010100010001010001000100000100000011100010010000010000000010100000010010101100
000100101000001100001000101011101100001000001010000000001000001011010001000100000011101100001100001100000110000001001000000100110000000000000000
000011100000010000000000010110000000000111100000010000010001001110000110100010001101010000100000001000100000101010010100010000000000110001010100
100001000000000000010100000011001000010011000000001000100000000111111000000000100100100100000100110100011100011000000000110100000110110000000100
001000000000100010010000000000101000000000101100000000101000000000101001000010101110101100000000000000001101100101001011011000000000001010101011
000000000001001010000001100100010011100001000111000100010011000100000001000000110100010000010100100000010000001010010001100110001001010000000100
010100100011010100011000100001010001100010010100000100001000000100101100000011100000001100000010100001000000010001000000000110100100001010000000
000001110100010000001000100100000000001101010000010010000100000010010000001000011000100100001000100001110001011000010000100100111001001000000010
000010100010010000000000010011000000010110000000011010001001110001011100010101100000000001000101011101000010000000011000000000001001001000000010
010000100000011010100000000000110000000010110000001101001101011000000000000111000011101111000001000010000000000000101010000000000000100001110100
100100000011011100100101001100000000000000000010101010000110110000000000000001111010001001110000000001000100000001110000000100110001000000010000
101110100000000001001010000110100000000000010111001011000001001101001000000001000010010000000011010010010000111000010000000100110000000000000100
000010010010100000000000000000110000000000100000011001111000101000000010110000010000000011000010000100100011000010101110011001001100010010001000
100111100100101001010000000000001001001010100000001010000000100000001001010000001010110011001000000100101000001100001100000000010001100000010000
000100110000101001000100000011000000000001100100000110011011010100110100001100001110100000000000000000000000000000000000000100100011001100011101
010000000000000010000001010000011010100110000001010001000000100010001000000100000100001000010101000110001000001110000110011001000011100000011010
000000001100110010000100010001000000000010101000100101100011000010001101000101000000000000010000110000000000000010000010011010001100011111000100
110101000001000101001000001000001000000010000001100000010000110011100110000010000111000000000000000010000000110000001011000100010010100010110001
001000100001000011000001010100000010001001000000100000001000010001000001110100001011010100000101000001000000101000100100000100010001000001101011
000010000010010010000010110000100001010000001010000000000011001000001001010010010011010101001000100001100100101000100000000001101000001010010000
110010001001000000110000100000100100010000010000000000100000001010000100000010000001110000100010010000000110110000001011010011100100000101001100
001100001000100010000001100101100100000000100011110010101000000000010110000000110000010000001011010001000000000001100000100010101000001000001001
011110101000010011100000100000000000110100001101000010000000010000000000001000000001000010000000000111001100010101101000000100010000001100011010
100000001001000001101001001010010001001000000010001000100010001100000010100000000000101010100101000100000000001000010111000001010010110001100000
001001000000010100010000100101011010000010000010001010001000101000000010010000110100001100001001001010000001101000000000000001010001010010100100
010000100000001000100001000010100100110001000000110000000100000000000000000100101000110010101111011000011000000100010100000100011010000100010100
010110000010000000001000000000101000110000000110111100010010100000111000000000010110000000001100001010111001000001000000100000010101001000001000
000110110010001000000101100101001100000100000000000101000000101111001000000000000000010000110010100100100100000100010000100000001100001100011000
001010001101000000011000000100000010001000010100001100101000000001010001100001000000000000000100011000010011000001000000110011101010010010100010
000001000100011100001010001010000001000010001001000000000101000001000011000011100000000011001000111000010000000100010000000101100101110001100000
000100000111000010001011001000000101001100000000010000000000000001111010100010000000001001000000000101100000000101101000101001010001000110000011
100101001000000100000100000011000111110010100010100101010000001000100000100000010010010111001010000000000000000000010011000000100100010000010100
110111101110010000000000100010110010100001000000001001000010000010000001000001000000001010010000001001001111001000010000000001001100100000000100
