0000000110000000000011111111110010100000100101001000101010100011000000011001000101100000110010001000011001100000011011000010010000100101010001010001011111011110111101111011110
0000000011111111111100000000000010010000010100101010100010010010001000110000001111000001100011000000001100110010001001100010100000101000010110010010011101111011110111101111011
0000000101000011111111111100001101111001000100001000100110001101111001010000000101000100101101111001001000100000001101001101111001100000010000010100010010111000110001100011000
0000000100100011111111111010000011000010000110001001100101110110000100010000100110111010101010000000101011011101001001000011000111011100110000010000011100000101110001100011000
0000000100010011111111111001000110000100000100011011011011000010100111101100010101000000100010100010001010100000101110111010000000110011101100110000011100011000001011100011000
0000000100001011111111111000101010000000001111110100110010000010010010010010000101010111010010010111110100101000001001000110000100100000011011101000111100011000110000010111000
0000000100000111111111111000010010001111111000001100100010001010000000010111111001001000100110000100001000100111110001010010001010100010010000011111101100011000110001100000101
1011111000000010000000000111110001010001010000100110010001010000011001100000011010001011000001100001000100011011000000110000101001001000100110100010101011110111101111011110111
1100000000000001111111111000000001001001001000010101010101000000110001000100110000011110000000110001100000001101100100010001001001010000101000101100101110111101111011110111101
0110000000000011000011111111110011000110111101000100010001000010010110111101010000001010000010100110111101001001000000010010001110111101100000100000100101010100101001010010100
0101000000000010100011111111111110111001100000000100010011000001010011000010010001001101110100100101000000101010111010011000001001100011011101100000101010001010101001010010100
0100100000000010010011111111110001100011000010000100110110111000010001010011101100101010001111011001010000001001000001010100001101000000110011011001101010010100010101010010100
0100010000000010001011111111110101000101000000001111101001101111101001001000010000001010101000100001001011110101010000010000011011000010100000110111011010010100101000101010100
0100001000000010000111111111111001000001000111111000011001000100010101000000010111110010010000101011000010001001001111101111110001000100100000100000111010010100101001010001010
0111111101111100000000000000000000101000101001010001001100100001100000001101100000110100010000011000110001000100110110000001010000010101001001001101000111101111011110111101111
0111111011000000000010000111111000100001100010111110001000101001000001001010111110100000011000001001010010111110010010001000010001000110111111000001001000100110001100011000110
0111111010100000000001000111110001100111011101100000001000101110111000101001000000100010010001001010010011000001010101110100010100000101100010111011000011010001001100011000110
0111111010010000000000100111111111011000110001000000001001100101000100001001010011011001010000101111101101010000010010000000110010000111000001100110110011000110100010011000110
0111111010001000000000010111110000110010100011000000011111010001010111110101001000100000010100001100010001001011101010101111101000001101000001000001100011000110001101000100110
0111111010000100000000001111110100100100100001000111110000110001001010001011000000101111101111110000010101000000010010010000011111111001000101000001000011000110001100011010001
1011111011111101000000000100000100010100010001100001111100010100001100100001001001111101000101000100000101010001111100100100100100001001000101111110000110000011000110001100011
1011111011111100100000000010001000010000110011011111000000010001001111011100101010000001001110111000100100010010000010100001100010001010000111000101110001101100000110001100011
1011111011111100010000000001000000110111101100110010000000010000101010100010001010100110111001000000010111101110100000101111011000011000000110000011000001100011011000001100011
1011111011111100001000000000101111101000011000100010000000111000001000101011110110010001000001010010000110010010010111010000110111110100001110000010000001100011000110110000011
1011111011111100000100000000010000011010010010100010001111101111110000100100001010000001010001001111111000010110000000101000100000001111111010001010000001100011000110001101100
1010000101111101111110000000000010001010001010010011000011110010100010000110100010010011110010010010100010000110100011110011000010010010001010001011111001001001010010100101001
1001000101111101111101000000000100001100001000110010111110001000100000100111011101010100000001010111011100100100100100001110111000110000001000001110000100110010010010100101001
1000100101111101111100100000001000001000011011101101100100001111011000010100100000010101000100010100100000010111011101000001100111101100011000001100000100101001100100100101001
1000010101111101111100010000000000011111110100011001000100000100100100000100101011101100101111101000101000000100100100101001000000011011110100011100000100101001010011001001001
1000001101111101111100001000001111110000001100010001000100010000101111111000100100010100001000010000100111111000101100000101000100010000001111110100010100101001010010100110010
0010010000100101010001010001010000000110000000000011111111110010100000100101001000101010100011000000011001000101100000110010001000011001100000011011001111010111011111101111101
0010100000101000010110010010010000000011111111111100000000000010010000010100101010100010010010001000110000001111000001100011000000001100110010001001101101111101111101011101111
1101111001100000010000010100010000000101000011111111111100001101111001000100001000100110001101111001010000000101000100101101111001001000100000001101000010110100001100001101001
0011000111011100110000010000010000000100100011111111111010000011000010000110001001100101110110000100010000100110111010101010000000101011011101001001001100001010001100001101001
1010000000110011101100110000010000000100010011111111111001000110000100000100011011011011000010100111101100010101000000100010100010001010100000101110111100010100100010001101001
0110000100100000011011101000110000000100001011111111111000101010000000001111110100110010000010010010010010000101010111010010010111110100101000001001001100010100001100110001001
0010001010100010010000011111100000000100000111111111111000010010001111111000001100100010001010000000010111111001001000100110000100001000100111110001011100010100001100001110010
0000101001001000100110100010101011111000000010000000000111110001010001010000100110010001010000011001100000011010001011000001100001000100011011000000111011101111110111110111110
0001001001010000101000101100101100000000000001111111111000000001001001001000010101010101000000110001000100110000011110000000110001100000001101100100011110111110101110111111011
0010001110111101100000100000100110000000000011000011111111110011000110111101000100010001000010010110111101010000001010000010100110111101001001000000010101000110000110100111000
1000001001100011011101100000100101000000000010100011111111111110111001100000000100010011000001010011000010010001001101110100100101000000101010111010011010010001000110100111000
0100001101000000110011011001100100100000000010010011111111110001100011000010000100110110111000010001010011101100101010001111011001010000001001000001011010000110011000100111000
0000011011000010100000110111010100010000000010001011111111110101000101000000001111101001101111101001001000010000001010101000100001001011110101010000011010000110000111001011000
1111110001000100100000100000110100001000000010000111111111111001000001000111111000011001000100010101000000010111110010010000101011000010001001001111101010000110000110100100101
0001010000010101001001001101000111111101111100000000000000000000101000101001010001001100100001100000001101100000110100010000011000110001000100110110000111111011111011111010111
1000010001000110111111000001000111111011000000000010000111111000100001100010111110001000101001000001001010111110100000011000001001010010111110010010001000100011010011100010100
0100010100000101100010111011000111111010100000000001000111110001100111011101100000001000101110111000101001000000100010010001001010010011000001010101110011001100010011100010100
0000110010000111000001100110110111111010010000000000100111111111011000110001000000001001100101000100001001010011011001010000101111101101010000010010000011000011100101100010100
1111101000001101000001000001100111111010001000000000010111110000110010100011000000011111010001010111110101001000100000010100001100010001001011101010100011000011010010010110100
0000011111111001000101000001000111111010000100000000001111110100100100100001000111110000110001001010001011000000101111101111110000010101000000010010010011000011010011100001010
0100100100001001000101111110001011111011111101000000000100000100010100010001100001111100010100001100100001001001111101000101000100000101010001111100100110001001110001010000110
0001100010001010000111000101111011111011111100100000000010001000010000110011011111000000010001001111011100101010000001001110111000100100010010000010100001110010110001010000110
1111011000011000000110000011001011111011111100010000000001000000110111101100110010000000010000101010100010001010100110111001000000010111101110100000100001101001001011010000110
0000110111110100001110000010001011111011111100001000000000101111101000011000100010000000111000001000101011110110010001000001010010000110010010010111010001101001110000101000110
1000100000001111111010001010001011111011111100000100000000010000011010010010100010001111101111110000100100001010000001010001001111111000010110000000100001101001110001010010001
0011000010010010001010001011111010000101111101111110000000000010001010001010010011000011110010100010000110100010010011110010010010100010000110100011111001011000101000011000011
1110111000110000001000001110001001000101111101111101000000000100001100001000110010111110001000100000100111011101010100000001010111011100100100100100000100100101101000011000011
0001100111101100011000001100001000100101111101111100100000001000001000011011101101100100001111011000010100100000010101000100010100100000010111011101000100111000010100011000011
1001000000011011110100011100001000010101111101111100010000000000011111110100011001000100000100100100000100101011101100101111101000101000000100100100100100111000101001000100011
0101000100010000001111110100011000001101111101111100001000001111110000001100010001000100010000101111111000100100010100001000010000100111111000101100000100111000101000011001100
0010001000011001100000011011000010010000100101010001010001010000000110000000000011111111110010100000100101001000101010100011000000011001000101100000111111001111111011011111011
0011000000001100110010001001100010100000101000010110010010010000000011111111111100000000000010010000010100101010100010010010001000110000001111000001101101111110011111110110111
1101111001001000100000001101001101111001100000010000010100010000000101000011111111111100001101111001000100001000100110001101111001010000000101000100100010100110010011010000011
1010000000101011011101001001000011000111011100110000010000010000000100100011111111111010000011000010000110001001100101110110000100010000100110111010101100010001010011010000011
0010100010001010100000101110111010000000110011101100110000010000000100010011111111111001000110000100000100011011011011000010100111101100010101000000101100000110100101010000011
0010010111110100101000001001000110000100100000011011101000110000000100001011111111111000101010000000001111110100110010000010010010010010000101010111011100000110010010101000011
0110000100001000100111110001010010001010100010010000011111100000000100000111111111111000010010001111111000001100100010001010000000010111111001001000101100000110010011010001100
0001100001000100011011000000110000101001001000100110100010101011111000000010000000000111110001010001010000100110010001010000011001100000011010001011001011111011111100111111101
0000110001100000001101100100010001001001010000101000101100101100000000000001111111111000000001001001001000010101010101000000110001000100110000011110001110110111110111111001111
0010100110111101001001000000010010001110111101100000100000100110000000000011000011111111110011000110111101000100010001000010010110111101010000001010000101000011110000011001001
0100100101000000101010111010011000001001100011011101100000100101000000000010100011111111111110111001100000000100010011000001010011000010010001001101111010001100110000011001001
1111011001010000001001000001010100001101000000110011011001100100100000000010010011111111110001100011000010000100110110111000010001010011101100101010001010000011001010011001001
1000100001001011110101010000010000011011000010100000110111010100010000000010001011111111110101000101000000001111101001101111101001001000010000001010101010000011110001000101001
0000101011000010001001001111101111110001000100100000100000110100001000000010000111111111111001000001000111111000011001000100010101000000010111110010011010000011110000011010010
0000011000110001000100110110000001010000010101001001001101000111111101111100000000000000000000101000101001010001001100100001100000001101100000110100010111111101101111101111110
1000001001010010111110010010001000010001000110111111000001000111111011000000000010000111111000100001100010111110001000101001000001001010111110100000011000101001101000001111000
0001001010010011000001010101110100010100000101100010111011000111111010100000000001000111110001100111011101100000001000101110111000101001000000100010010011010010101000001111000
0000101111101101010000010010000000110010000111000001100110110111111010010000000000100111111111011000110001000000001001100101000100001001010011011001010011001001010100001111000
0100001100010001001011101010101111101000001101000001000001100111111010001000000000010111110000110010100011000000011111010001010111110101001000100000010011001001101000110011000
1111110000010101000000010010010000011111111001000101000001000111111010000100000000001111110100100100100001000111110000110001001010001011000000101111100011001001101000001100101
0101000100000101010001111100100100100100001001000101111110001011111011111101000000000100000100010100010001100001111100010100001100100001001001111101000110011000001100100110100
1110111000100100010010000010100001100010001010000111000101111011111011111100100000000010001000010000110011011111000000010001001111011100101010000001000001100101001100100110100
1001000000010111101110100000101111011000011000000110000011001011111011111100010000000001000000110111101100110010000000010000101010100010001010100110110001111000100010100110100
0001010010000110010010010111010000110111110100001110000010001011111011111100001000000000101111101000011000100010000000111000001000101011110110010001000001111000001101001010100
0001001111111000010110000000101000100000001111111010001010001011111011111100000100000000010000011010010010100010001111101111110000100100001010000001010001111000001100100101010
0010010010100010000110100011110011000010010010001010001011111010000101111101111110000000000010001010001010010011000011110010100010000110100010010011111001010100000111100000110
0001010111011100100100100100001110111000110000001000001110001001000101111101111101000000000100001100001000110010111110001000100000100111011101010100000100101010000111100000110
0100010100100000010111011101000001100111101100011000001100001000100101111101111100100000001000001000011011101101100100001111011000010100100000010101000100110100011001100000110
1111101000101000000100100100101001000000011011110100011100001000010101111101111100010000000000011111110100011001000100000100100100000100101011101100100100110100000110010100110
1000010000100111111000101100000101000100010000001111110100011000001101111101111100001000001111110000001100010001000100010000101111111000100100010100000100110100000111100010001
0011000000011001000101100000110010001000011001100000011011000010010000100101010001010001010000000110000000000011111111110010100000100101001000101010101111011011101111110101111
0010001000110000001111000001100011000000001100110010001001100010100000101000010110010010010000000011111111111100000000000010010000010100101010100010011101110111111010111111110
1101111001010000000101000100101101111001001000100000001101001101111001100000010000010100010000000101000011111111111100001101111001000100001000100110000010100011101000100100110
0110000100010000100110111010101010000000101011011101001001000011000111011100110000010000010000000100100011111111111010000011000010000110001001100101111100001100101000100100110
0010100111101100010101000000100010100010001010100000101110111010000000110011101100110000010000000100010011111111111001000110000100000100011011011011001100000011010100100100110
0010010010010010000101010111010010010111110100101000001001000110000100100000011011101000110000000100001011111111111000101010000000001111110100110010001100000011101001001000110
1010000000010111111001001000100110000100001000100111110001010010001010100010010000011111100000000100000111111111111000010010001111111000001100100010001100000011101000100110001
0000011001100000011010001011000001100001000100011011000000110000101001001000100110100010101011111000000010000000000111110001010001010000100110010001011011111101011111111011011
0000110001000100110000011110000000110001100000001101100100010001001001010000101000101100101100000000000001111111111000000001001001001000010101010101001110101111111101101110111
0010010110111101010000001010000010100110111101001001000000010010001110111101100000100000100110000000000011000011111111110011000110111101000100010001000101001001001101100000011
0001010011000010010001001101110100100101000000101010111010011000001001100011011101100000100101000000000010100011111111111110111001100000000100010011001010010010001101100000011
1000010001010011101100101010001111011001010000001001000001010100001101000000110011011001100100100000000010010011111111110001100011000010000100110110111010001001100011100000011
1111101001001000010000001010101000100001001011110101010000010000011011000010100000110111010100010000000010001011111111110101000101000000001111101001101010001001001100010100011
0100010101000000010111110010010000101011000010001001001111101111110001000100100000100000110100001000000010000111111111111001000001000111111000011001001010001001001101100001100
0001100000001101100000110100010000011000110001000100110110000001010000010101001001001101000111111101111100000000000000000000101000101001010001001100100111111110110111011111101
1001000001001010111110100000011000001001010010111110010010001000010001000110111111000001000111111011000000000010000111111000100001100010111110001000101000111000000111010001001
1110111000101001000000100010010001001010010011000001010101110100010100000101100010111011000111111010100000000001000111110001100111011101100000001000100011000101000111010001001
0101000100001001010011011001010000101111101101010000010010000000110010000111000001100110110111111010010000000000100111111111011000110001000000001001100011011000011001010001001
0001010111110101001000100000010100001100010001001011101010101111101000001101000001000001100111111010001000000000010111110000110010100011000000011111010011011000000110101001001
0001001010001011000000101111101111110000010101000000010010010000011111111001000101000001000111111010000100000000001111110100100100100001000111110000110011011000000111010010010
0100001100100001001001111101000101000100000101010001111100100100100100001001000101111110001011111011111101000000000100000100010100010001100001111100010110010100010010011011000
0001001111011100101010000001001110111000100100010010000010100001100010001010000111000101111011111011111100100000000010001000010000110011011111000000010001101010010010011011000
0000101010100010001010100110111001000000010111101110100000101111011000011000000110000011001011111011111100010000000001000000110111101100110010000000010001110100100100011011000
1000001000101011110110010001000001010010000110010010010111010000110111110100001110000010001011111011111100001000000000101111101000011000100010000000110001110100010011000111000
1111110000100100001010000001010001001111111000010110000000101000100000001111111010001010001011111011111100000100000000010000011010010010100010001111100001110100010010011000101
0010100010000110100010010011110010010010100010000110100011110011000010010010001010001011111010000101111101111110000000000010001010001010010011000011111001000110110000001110100
1000100000100111011101010100000001010111011100100100100100001110111000110000001000001110001001000101111101111101000000000100001100001000110010111110000100110001110000001110100
1111011000010100100000010101000100010100100000010111011101000001100111101100011000001100001000100101111101111100100000001000001000011011101101100100000100100110001010001110100
0100100100000100101011101100101111101000101000000100100100101001000000011011110100011100001000010101111101111100010000000000011111110100011001000100000100100110110000110010100
0000101111111000100100010100001000010000100111111000101100000101000100010000001111110100011000001101111101111100001000001111110000001100010001000100010100100110110000001101010
0010100000100101001000101010100011000000011001000101100000110010001000011001100000011011000010010000100101010001010001010000000110000000000011111111111111011101110110111110111
0010010000010100101010100010010010001000110000001111000001100011000000001100110010001001100010100000101000010110010010010000000011111111111100000000001101101111101111111011101
1101111001000100001000100110001101111001010000000101000100101101111001001000100000001101001101111001100000010000010100010000000101000011111111111100000010101001000110011010100
0011000010000110001001100101110110000100010000100110111010101010000000101011011101001001000011000111011100110000010000010000000100100011111111111010001100010010000110011010100
0110000100000100011011011011000010100111101100010101000000100010100010001010100000101110111010000000110011101100110000010000000100010011111111111001001100001001011000011010100
1010000000001111110100110010000010010010010010000101010111010010010111110100101000001001000110000100100000011011101000110000000100001011111111111000101100001001000111000110100
0010001111111000001100100010001010000000010111111001001000100110000100001000100111110001010010001010100010010000011111100000000100000111111111111000011100001001000110011001010
0001010001010000100110010001010000011001100000011010001011000001100001000100011011000000110000101001001000100110100010101011111000000010000000000111111011111110111011101101111
0001001001001000010101010101000000110001000100110000011110000000110001100000001101100100010001001001010000101000101100101100000000000001111111111000001110111011011111011111110
0011000110111101000100010001000010010110111101010000001010000010100110111101001001000000010010001110111101100000100000100110000000000011000011111111110101011000010010001100110
1110111001100000000100010011000001010011000010010001001101110100100101000000101010111010011000001001100011011101100000100101000000000010100011111111111010000101010010001100110
0001100011000010000100110110111000010001010011101100101010001111011001010000001001000001010100001101000000110011011001100100100000000010010011111111111010011000100100001100110
0101000101000000001111101001101111101001001000010000001010101000100001001011110101010000010000011011000010100000110111010100010000000010001011111111111010011000010010110000110
1001000001000111111000011001000100010101000000010111110010010000101011000010001001001111101111110001000100100000100000110100001000000010000111111111111010011000010010001110001
0000101000101001010001001100100001100000001101100000110100010000011000110001000100110110000001010000010101001001001101000111111101111100000000000000000111110111111101110111011
1000100001100010111110001000101001000001001010111110100000011000001001010010111110010010001000010001000110111111000001000111111011000000000010000111111000110100110000100100011
0001100111011101100000001000101110111000101001000000100010010001001010010011000001010101110100010100000101100010111011000111111010100000000001000111110011001010110000100100011
1111011000110001000000001001100101000100001001010011011001010000101111101101010000010010000000110010000111000001100110110111111010010000000000100111110011010100001010100100011
0000110010100011000000011111010001010111110101001000100000010100001100010001001011101010101111101000001101000001000001100111111010001000000000010111110011010100110001001000011
0100100100100001000111110000110001001010001011000000101111101111110000010101000000010010010000011111111001000101000001000111111010000100000000001111110011010100110000100101100
0100010100010001100001111100010100001100100001001001111101000101000100000101010001111100100100100100001001000101111110001011111011111101000000000100000110000110101001100001001
1000010000110011011111000000010001001111011100101010000001001110111000100100010010000010100001100010001010000111000101111011111011111100100000000010000001110001101001100001001
0000110111101100110010000000010000101010100010001010100110111001000000010111101110100000101111011000011000000110000011001011111011111100010000000001000001100110010101100001001
1111101000011000100010000000111000001000101011110110010001000001010010000110010010010111010000110111110100001110000010001011111011111100001000000000100001100110101000010101001
0000011010010010100010001111101111110000100100001010000001010001001111111000010110000000101000100000001111111010001010001011111011111100000100000000010001100110101001100010010
0010001010001010010011000011110010100010000110100010010011110010010010100010000110100011110011000010010010001010001011111010000101111101111110000000001001000011001101010011000
0100001100001000110010111110001000100000100111011101010100000001010111011100100100100100001110111000110000001000001110001001000101111101111101000000000100101100001101010011000
1000001000011011101101100100001111011000010100100000010101000100010100100000010111011101000001100111101100011000001100001000100101111101111100100000000100100011100011010011000
0000011111110100011001000100000100100100000100101011101100101111101000101000000100100100101001000000011011110100011100001000010101111101111100010000000100100011001100101011000
1111110000001100010001000100010000101111111000100100010100001000010000100111111000101100000101000100010000001111110100011000001101111101111100001000000100100011001101010000101
1101111110111101000000000100001101111110111101000000000100001101111110111101000000000100001101111110111101000000000100001101111110111101000000000100000001100000000000000000000
1101111011000010000010000011111101111011000010000010000011111101111011000010000010000011111101111011000010000010000011111101111011000010000010000011110011000000000000000000000
1010000110111110111110000000001010000110111110111110000000001010000110111110111110000000001010000110111110111110000000001010000110111110111110000000000100100000000000000000000
1100000101000010111101111100001100000101000010111101111100001100000101000010111101111100001100000101000010111101111100001100000101000010111101111100001100000000000000000000000
0110000110000011000001111011110110000110000011000001111011110110000110000011000001111011110110000110000011000001111011110110000110000011000001111011111010000000000000000000000
1110111111011100100000000010001110111010100010000001000101110101000110000010100010111101111100000100100011011110111010001001000111011111011101000000000000000011000000000000000
1110111010100010000001000101110101000110000010100010111101111100000100100011011110111010001001000111011111011101000000001110111111011100100000000010000000000110000000000000000
1001000111011111011101000000001110111111011100100000000010001110111010100010000001000101110101000110000010100010111101111100000100100011011110111010000000001001000000000000000
1100000100100011011110111010001001000111011111011101000000001110111111011100100000000010001110111010100010000001000101110101000110000010100010111101110000011000000000000000000
0101000110000010100010111101111100000100100011011110111010001001000111011111011101000000001110111111011100100000000010001110111010100010000001000101110000010100000000000000000
1111011111101100010000000001000100100110000010010011011110111000100111101111101100100000001111011010010010000000100110111100000100010011101111011001000000000000000110000000000
1111011010010010000000100110111100000100010011101111011001001111011111101100010000000001000100100110000010010011011110111000100111101111101100100000000000000000001100000000000
1000100111101111101100100000001111011010010010000000100110111100000100010011101111011001001111011111101100010000000001000100100110000010010011011110110000000000010010000000000
1100000100010011101111011001001111011111101100010000000001000100100110000010010011011110111000100111101111101100100000001111011010010010000000100110110000000000110000000000000
0100100110000010010011011110111000100111101111101100100000001111011010010010000000100110111100000100010011101111011001001111011111101100010000000001000000000000101000000000000
1111101111110100001000000000101100000100001011110111101000101111101010001010000000010111011000010111110111110100010000000100010110000010001011101111010000000000000000001100000
1111101010001010000000010111011000010111110111110100010000000100010110000010001011101111011111101111110100001000000000101100000100001011110111101000100000000000000000011000000
1000010111110111110100010000000100010110000010001011101111011111101111110100001000000000101100000100001011110111101000101111101010001010000000010111010000000000000000100100000
1100000100001011110111101000101111101010001010000000010111011000010111110111110100010000000100010110000010001011101111011111101111110100001000000000100000000000000001100000000
0100010110000010001011101111011111101111110100001000000000101100000100001011110111101000101111101010001010000000010111011000010111110111110100010000000000000000000001010000000
1111110111111000000100000000011000001111111011111000001000001100000100000111111011110000010100001110000010000111110111101111110010000110000000001111100000000000000000000000011
1111110010000110000000001111101111110111111000000100000000011000001111111011111000001000001100000100000111111011110000010100001110000010000111110111100000000000000000000000110
1000001111111011111000001000001100000100000111111011110000010100001110000010000111110111101111110010000110000000001111101111110111111000000100000000010000000000000000000001001
1100000100000111111011110000010100001110000010000111110111101111110010000110000000001111101111110111111000000100000000011000001111111011111000001000000000000000000000000011000
0100001110000010000111110111101111110010000110000000001111101111110111111000000100000000011000001111111011111000001000001100000100000111111011110000010000000000000000000010100
