01111011101111111110111111101101011111101010101010101111011111001011100101000110111011010110111010010111001011100000110011111110100100101011110010101010101000100111101000001000
10110111011111110111110111111010011111110101011001101111111011001101001100101010111100110111011100101111000011010001001011111101101001011011110001000101011001001011010000011000
11011110111111101011101111101111011110110101110110001110110111010110010011100110110111111110010100110100101011001010001011110110011101010101111000011011011000001010101000100100
11101101111111011101011111100110111111001011110101101101101111100111100011101000111111101110001101001010101011000101010011111001011101100111110100000111100000010101011001000100
10110111111111111100111110011101111011011110110110001011110101110110100111010001111111101001101011010100100110101010010011101110011010110101001110101110100100001100101001000010
01111011111110111011111101010011111101110111011101001111101010110110011011011000111111101101010101011000010100111001001011011011111011110000101100011101000101001010010101000100
11101101111011111011111110111101001111111101001100011111110100101001011110010110011110011011110110011101000101111010000010111111110011011000011010101010010101001110000010101000
11011110110111011111111101111000111011111010111001011101111100011011101110011000011001111101101111011011000010110100000111011111110010001110010101100101100100101101000101001000
10111111011101011111111001110111010111101110100111011110011110110011110010110100110111111010110011011000011000110110010010110111110111100100101100101110000010100101100100100100
01111111101111100111111010110110101110111111010011010101111101110100111110110000110111111001101100101010100101010110001001111101010111011101001101001101010000011100010100100010
11111110110110110111010111110101101101111101100111101011011111101100110001110010111111101010110010100110010101011001010010101111001111111001100110001011000011000011011000100010
11111101111001111110100111110011110011111011111011000111111011011010110001110001110111111101001010100110011010100101001001011111001110110111101001000111001000100011100101000010
11111111011001101111111111001101101101110111110000111101000111111100101111001010111001001111100101110011100111011000100011001100111111001011010110011001110100001110011000000001
11111011110110111101101110111111010011101111110000111100110011111001101110100101110100011111101001101101101011100110000000111100111111000111011001100110111000001101100010000001
11101110011111011111101110011111111100111111001010100011111011111100011101000101101111010101111000100101110101101000101001111010101110111001001011011000111001001010110010000010
11011111101101101111010100111111111011001111101101101011111011101011001000011101011110100111111011001101010000101101010010111011111010110010100011100110100011000001110011001000
10111111100111110111101111001111110111011011101100010111100110111011010011001101001111011111000111010001111010101100100011010011111110100110011010010010110100100110100011000100
11011001111111111011110011011110110111011110100011110011011111111101100100101001101101110011101011100011110010010100110011100101101110101111000111000100110010100101110000010010
11100111111110111101110001101111101110110111101011010111011111011010011000011110010011110111110110110011010000011100101011010111110110011010100011011001010010100010110100101000
01110111111011111110001101111110111100111101100101111000111110111101011010101100001101111110110101101001110001011100000110110011111111001100010101010001110011001001010010100100
11101111110111101110011111011111010111110110011011010111010010010111111110000011110101010001011111110001001110110010101011010100100011111111001000111100011100101110100100010000
11011111111010010110101011111111101111000110011111111111001101100111101100011010111010100011111111011010000100010011110011101101110001111010100110101100000110010100011100011000
10111111110011101001110111111111111100101010011110111100101100110111111111000100101011011100111101011000101101100010100101111010110101101100011100111000101100011100001110000100
11111111001111111001101011111101111001111001111101101001110010001111111011000011011101001100011111100101001111101001000110011010001011111111010000110011101101001011001011000000
11111010011111101100111101111111100111011001011110110111100101101101110101100011101110011011001110100110101111000011100001101101001101111111011010000010011100010110001010010010
11110101101110001111111110111011110101110000111111111110001110011111110001101010101001111110010111110010011010010001100111000111101101101110110100010001001110100011001100010100
11110011111101010011011111011111101010101001111111111100111101001011111000110110010010111110111110101110001001000111000100111111010101011110110001100011001010010001001110101000
01001111111101110101111111101011110001111100011111111010111000111101111100110001101100111001111011101100010100110011000100101111101011111100001101100100001111001001000110010010
11101011000011111111111111110111111010010100111110111010110101011111001100001111001000110111111111110101100010001010100111100110111000011110010011110000111110001000101010011000
10111010111011111111111110101011101110001111100111110001010111100111111010000111010111000010111111100001101101001110110010110000010111111111000010111010110010010100111010100000
01110100110101111111111011111101110110000111011111110110101011110111011000101101100110110111011101101000111000000111101001110001111101110110101001010100011010010000110110010100
10101110101111111010111111111110100001100111111110111110000011111010111001010111110010001111110011110100011100101011100000001110111111110010101010111010001110000010101110000001
00011101011110111111011111111111001000011011111111110001101101111110111001011001001011101101101111100010110100001101100101001011011110111110000111010001100110010000011111000010
11111101100101111101101101011010001111111110111111101010111010010111000111101101101101110100011001011101111010100000011111110010101000100101111101110100101001101001100001010100
11111111011010110011011100101100110110111111111111101001111101000110001111011110011011100100111100011111100101001000011111111010010000011001110111111001100001011000011001101000
11110110111010101111111011000110011011111111001111110111001110100101010111101110101111010010010100011011111101010000111011110001100101101001111110011000010001110110010000110100
11111011110101011110110010101110011101011111111111010111110101000011000110111111010110110011001110011111101010000110011011110101010000010111111011100110010000110100100001111000
11011111101111011100110111010001010110111111111101111111000010101001100111111011111100001011000011011111011110110001010010001101101011100011111110100110000101100111000001010001
11100111111111100011101101110001011101011111111011111100011010011000111111110110110001011100110000111111011101110000001100011110100111001001111101111001001001101011000100100001
01101111011110101111100111011000111111101101111111010011110100011100010111111011001101111001000110110111110110011000001111000111001010011101011111010001010101101010000001110010
10011011111101111101001110110100111111110011101111110001111100101001110111110101001111011000101010001111111101100100010100111011000110101101011111100010100001110101000011100010
01101110111011110111110000011111011111110011110111111010010011110100001110111111110100100011110001111101110100011010011010100100111011010001101111111100010011001000110000110001
10011101110111111110111000000111111111101101111011110101001011110010101111011101110011000101101001011011111100100100111001011000110110100011101111111100100000110100110101000001
01110110011111111011000110100111101111111110111101110101100011101000011011111111010110001111000100101111111101001101001000011001011111010011111011010011010001010010010011100001
10111001101111011111000101101101111011111111010111111000010111011010100011111111010001101110100011110111111010001100010110000110011110000111110111110011100010100001101001100001
01111101010111000000111111111011111011110111101111111100100001010110101111111011110000101101001101111110101110000011001101001100011001010111111101110101001100011000001101010001
11000111000100111010111111111011111111111011010111110111101000001011011101011111001010010101011110011111011100100001101101011011100000111010111011110000001101110010000111011000
00111110101000011001011111111111111111011101111011111010100100100111010011111111001110101010010111011100111100001011010110100011011001110100111110110010000111010000001011110100
10101000111100100110111011111111111110111110111101110010011101010110110101110111100011110000111010110110111100000010111101100110000100111101101111111000001010110000101100110010
01010101111100010111110101110110111111111111111110110001011010000111111010111011010101100000011111101011011100010101011110010001000011111111100101110101000011110001010101110000
11010000001011110101011111111111111101101111111111011000001011101101101101101111101000000110111001101111111101000001110100101000101101101011110111110000101011010001011010010001
00000011110011001111111011111111100111111111111111100100000100111001111110111111000000011011100111111011111100010110100100000101110111001110011111110000010110110100000110110001
11111111101011010001011101111001011001100100110100100110111111111111101111111110111000101110110001011100000011111011010110101110111001000000110100101111101111001001001000001101
11110111110111001010111011100011000111100011011000011011101111111011111111111110110010011111000100011010001011110111101001011101110101000010111000001111011100110110000100001101
11101110101100111110110011011011010111010100001110001101111111111111010101111111101110110011010010010100010010111011111011100111101000110000101010001110011111100010100000011110
11011111011110111110110110000100101111011011001001000110111111101111111111011011011111000001001110000011000111111101111011011001000010111011000010001111110101110110010001001010
01111111010101111001001110111010111010011001011100001111011101111111011111111101001110111101001100001100100011101111001101111011011000010100011001000111111101011000000011001110
11101011111101110111100100111100011010111100100011001011101111011111111110110111010101110000111010100101000011111110011110110110000010011101000001101111111011101001100000101010
11010101111100110111011001110010111100101010001011101111110111111111111101111100101011110100111000001010010001110101111101111011100100101000100101001101101011110001010100001110
10111011111010001111011011101100101110011000100110011111111001111111110111111110001011111010100110010010100011011110110111100111010100001100010110001011110110110100001000101110
11110100101111111111100101000111010101100111100001101111011001111111111011101111110101000110010001100001011011111101111010010000101111100011100000011111111011100011110000000101
11111000011111110110010010101111101010000111110010101111111110111110101101111111110010100111101000100110100011001111111001101100011100010011100011001111111010010000111000001011
00011110111011111101011010010111100101001111000100111111101111011101111111111101101110001011100001001000110101111111110000101001111111100000001110001110110111010100010010000111
00101101110111101111101001011011110000110110110010011110111111101110111111111101100001111101100001110000110010111110101101000110111110000100001101011101111110101000100100000111
11000011001111111111000111111001100001111001101000111111111111110001111101111111001000011111100010100111010011111101100100001111101110001010010011000011111111100011000010001011
01111100011010100101111111011110111100010100010111101011111111110011111111101011101101100000011101100000100111011011111111100000001001111101000100011101111111011000011000010110
10111101100100011010111101101111111010000010111111001111111111010101111011011111010011100100011111010000001010101111111111010010010000110110100000111111101110110000101101001100
11010011100001011101111111111110010111001000001101111111111110101110111110101111001100010010011111001001001011110111110110110001100001101110010000100110111111110101000010011100
10011001111111000100111111110101100001101010110011111101011111111111011111110011110001001000101011100010001111110111110100001100000111101111000100101111101110110101001100000011
00100110111100101011101111110111100100111001001111010111111110111111101011110111000111011000010110100000011101111111101100010011000111111100001000011011011111110010000110100110
01000111010011110011111100111111101000100111011001111101111011111111110110011111010000000101111101101001000101111111101100011000110011011010000001111101111111011000010110001001
11001011010011100100111010011000011111111110011010111111111101111101101011111111101000010001101000011111100111110010111101101100100000001001011111101100111101111100000000011011
00111111110011001001101100000100011111111111110101011101110110110111111101111111010101001000000101011001101111111110011110010000010011000101011100111111110101111100000001100101
10111100001110101000001111000001111101111011111110101111101111111110110110111111101011001100000000010110111111101001111101001010001100100001111110011011101101110010001001000111
01110000111101000101000011110010010111111101110111111110111111111101110111011111100100111010000000101110111011010111011100100101001101000101111101000111011011110001000000110111
00001111111100010010010000110001101011111111111111011111111101111010111111101111010010101001100010011110010100111111011100001111010010010000101111101111000111110000000101101011
01010101000010011111010001001010111111010111111101111111101111111111001111110111001000100111000101011011110010011101111111000001111000000010110111010101110111110000010001011101
10100010100001111011001000101111011110101111101110111110111111111011011111111011000010010110110000011101111001101110111100110010110100000000111011111010111011110000100010101101
11100010001010000010110111101101001111110101111111111111010111001111111111111101010000000010010110110111001111011011111110000100000001011011110010111011011111110010001000111001
00001000000101111100100110011111110011011111111111110011110011111111111111111110000100000001001011100101111110101111111100000000001010110111001011110110111111110000100011010011
11111100111111100100111011010011010101100110010010101110001011110100100101100000011111111111111001111110111111110011111001101100101101100001101100001100001000001111111100010111
11111111111111010010110100100101001011100111110001001101010011000010101010010010100111101111111111111111001111111111011010011100010011010011100000101111000000001111111101101001
11011111001010111101011111011000111101011000001100101011101100101101000101001000100111111111111111011111110111111001110111101011101000101000010110000000100101001111011011011110
01111110111101111101100110010110010111011101000101000011110010100101010010100001111011111011011111101101111111111111011010110001001011110101001000000110010001001111110011110110
10111110111100111010011010100111101110001011001110000111101101100010010001010100111101111111111110011110111101101111111001111011010100110000101010001010000000010110111111101110
10111101111110101111101101000100111100111010100011000001011110010110110011000000111110111100111111110011111111111100111111010010000110101101000100011001100000101111111101100110
01111101111100010111010001111010111010010100110111001010111101010110000000111000111111011111111111111110110010011111011111100111011000010100100101000101000010001001111101111110
11100011110101101111101011111010010110111000001010010110111100011001010100100100101111101111111110111111111011110110101101110111100100001100011001000000011000101111100110111110
00111111111111001001001111110001100001111001110100011100100100111000110011110000111111110111100111111110111111111111000100001111011111000100011100000011000100001111001111100111
11110101000111111011001101101011111000100011111000101100101011011010001001001100111011111011111101111111111011101101101101011010111100000010110001010001101000001011111111001101
11110010101011011111010011101111000111000101100100111110000111101001000000101110111110111101110111111111111011011111110010100101111101000010110010000010010010000111111010111101
01001111010111111110110010011011100011010111011000010111100001111000001100011001111110111110101111111111110110111111101001001101111010010010001011000100010100001110110111011011
10001011111011110111011000111101101000101110100010111000011101111000101100010100111011111111011011111111110101111110110100101110110110001000000111101000100010001101111110101011
11100110101000110011111101111111011100100100001111101010011010000111011000000110111111110110101111111101011101111011111110110010100001111000100000111000001011001011111110111100
11011001010101110100111110111110111010001010011011100001111001000111101100000001111111110101110111101111101111100111111101111000000000111111000001100100101000011101111111011010
01110111010010001011111111101110101110010001011101010101100100000111011010001010011111111111011011111011101111011111101111010001010001011110010000010001010100011110011111111100
10001011101100011110110111111101100011011000101111010011010100001011110000010011011111111011111101110111011110111111110110000111000010111110000010100010000110100111101111111010
00011101100011011101111101011111110001000110110101111000000010110111101010001001111101101111111110111001111110111111110110000000111011100110000100110100100110001101111111010101
01100000011111100111100111111111100000110101110011110000010011011100111000100011110101111111111111000111111111011111101100000100001111011111000001010001011010001011111110110011
10101111100010001010111001001001011111110110111110011110000100010010000111011110111011111111110111001111111110111010111111000110110000000000111110111000000100101110101101111101
01010111110001010001011000110010011111101111011101111100101000100001001110111100111110111111111101010111111101110111011100111001110001000000111101100100000001011101010111111101
11101010001101110000000110111001011011111101111110101010110001001000000101110111111110111111111010111011111111101011011100101110001000010001111011100010001001001011101011111011
11010001011110000110010011100000101111111011111011110101001101001000100101111010111011111111101110111101111111010101111101001101000100001011110111000001000000110111011101111011
11000011000011111111100100001100011111111111101001110001010010001001001110001111011101010111111111111110111111111100111110010000100010001011010011110000110001101111110011111001
00111000010011101101001010001110111110011111110110110000100101110100000111101101101111111111101101111111011111001110111101100000011100000101011111010000110000011100111011110111
00000100101100111111000001010011110101111111101111110010001010111000010001111101101111111111110011111111101100111101111100000011101110100000101111010000000011100011110111110111
10110000100101001000101111100111010111101011111111110100000010000011110011100111110111011110011111111111110111100111111100010000000101100111111000110010001000110111101111110101
00001110011010100000111110010101101101111111011111110001000000100100111111010011111111001001111111111111111001111011111100001000000011111001001110111000000101011110011111110011
11111001000111001100100111001000010011010000110000001111110111011111100111101011111101111111001111110111101001111111111111000100001000000111010000000111111100101111101001011111
11110010011011100001001110100100001100101001000000101101111111101101111111100110111111011110111100101111101110111111111100111000000101001001010000001011111001011111011010101111
10001111100101111000101100010001010001101010001000001111111010111011111111010101111111011101111011011101011111011111111100011010100010100000001000101110101101101111100111001111
01000111111010000111110001010000000101110100000001011111011110111101111110111010111101111011110111111011010111101111111110000101100011001000000100001101010111101111010100111111
00101110001010111011000100001101101000010101100100001011110111111110011011011111011111101111110111110101110111110111111110000010011010010000000010011011110111001010111011101111
00010001110101011111000000100110100010001011100001010101111111111011111010111101010111111111101111101011111011111011111100010001010110000110000001000111110010110101110111101111
00101010110001000000111010111111000010000100010110011110110101110111111110110111110110111011111111111100101111111101111100100100010001010100001000101110011110011100101110111111
01010100001100010000010111110011100001000001011101101111101011101111111001111011111110101111011111101110011111111110111100001001001001110010100000000111001111010011011111011111
10000000000010101110111011001111100100000010001010110111001111111111111101001111101011010111111111110011111111111111011101000000100100101010000010011000111110110110111110011111
10011000101000010100010000000100011111001110100111101011011111100111100111111111111111100010111011011111111111111111101110100000000000100001100110101110100011110101111001111111
01100100010100100010100000000010011110110111011011000111111011010110011111111111110111110101011100111111111111111111110101010000000000010001101001011101011001111010110101111111
00000001000000000001001101111000111000111000111111111000111100011111111111111111001001111100111111111111111111111111111000000010000000001100010101110001101111111001001111111111
11111111101010011111110101001100011111010100100101001011010110000111000010001010011101100010010111010001000010011000010001110111111011111111110110111111110111101111111001111100
11111101010110101110111011001010111110010010011010000111101101010110000101001000101011110101001100010010100010000000101010111111111100111111111111011101111100111110111101011110
11111010111001110101011010111110011110001100000110101010111101100101000100100100101110110010111000001100100001000010010011011111111101111101111111101110111011011101111010111110
11110111110101111011101100100110011110101011001001000101111010000011011010000100010111010100011100001001001001100100001011101011110111111111111001111111111001111111110111101100
11011111011111110000011110110001101001101011011000101101101001101000101101010000111010001101101000001110000101100001000001110111111111111011111111101111101101011111011111001011
11101011111111000110110011111001000011110100110010011110010101011000100100110010110000111011100010110110000010010010000011101011111111011111111111101111011110101111101100111011
10101111101100111011001101111001111000111000101110001010111100011010010001010100001011111100110010010100010000101000000111111101111110111100111111111011101111101011101111101110
01010111111100011111010011110010100111011001001101010111101100101001010000111000001110111011000110001010010000010101000011111110111111111110111111000111010111110111010111111110
11000111100011111111111001011011010101100110001000111110001010111001001100001100101000010111110001011001010000110000100011111111011111101010111111111100111111101111110110011101
00111111110011011011011000101111101010000111110100011100100101110010001010011100010010101111100101011000100000001110000011111111101111010110111111111111110110011100111111101101
01111100001111111101000111011011110001010101110100101010100011111100000001101001101100101111000001100100110010001001000011101111110111110111111111010111111111001011111011010111
10110000111111101111001011100111100100101011100010110100001111111000110001100100100011011110100000100010111001000100100001111111111011101111111111011011111010110111111110100111
00001111111111111111100100010101100001111111100001010001010010111000111010010001010101001001100011100001010100111100000010011111111101111111001111111111110111101111110111100011
01110110111011000001111111110111000101100101010101111100000010100101111010100010110100001010010101101000001101010011000010111101111110111111111100111111011111011111011110110101
10011100101100111100111111010111110101001010001111100011001010100111110001000001101111000000011011000000011100100001110011111011101111011111101110111110101111110111111111010110
01101110011100110010110110111111101010010101011111000011110001000110011000010011010110100001011110100100000100001011001011111111011011101111101011111111011111011010111111111010
11000011011010100111111111111100101100111000001011110001011100001101111100000010001001010000111110100011000101010000100111111111100111110111010111111001111111111111011110111010
00111001110101001101101111111110110010011000110111010000110100010111110010100001000101111000001111100000101010000110000111110111011111111011011101110111111110111101101111110110
11010001000111011110110111101111100011000011111001110101000011001011101000001011010000000111001111100011001010000101100011011101111111111101110011110111111110110111111111011001
11111000011111100100100110000100011111111111110011100001010011000100100111100011110101000000001000100111101111000000011011111100001111111110111111111111111001111111111001110011
11110100101100010010010001100011011111100111111111101110001011000010000001111110110010100110010000011110011000000001011011111111111101110011011111111111001011110011111101111101
11110011000011001001001111101000011111111001111100111100100100001001000111101110001000011110000100011111101011000000000111111111111101001111101111110011111101111111001011111101
00101110110101101000101010010011010111111111011110010110100000110000010111110101100110011001000000011100111100100010001001111111111111110101110111111110011101111110100111110111
00011101111010000101011001010000111101111110110111111000001100110100100111111000101001101000100001011010110100010000010111101111111111101101111011111101100111111101011101110111
10001010001010111110010010001101101111011111101110110011000101101000000101011111001010000011100010010111110100001000110011101111111110111011111101111010110111110110111011111011
01000001010101110111000000111010111010111111111011110000111001011000001100111101000000110101101000101111110000000100001101111111111110011111111110110101111011111001110111111011
10001011100001010000111100111101011011101110111111111000010000000011101110010111010000000000111011011101001100100010010110111110110011111111111111011110101111111101101111111001
00100100000010101011101101001111111100110111111111110000000010010110011011001111000001000100010101110001111100001000101111010010111111111111111111101001111111111010111111110101
10101110111010100010111000000101001100100110000010001111011111110110111111010110110011000000110000010000000101111010111011111110110111111001101110110111111111111110111100101111
01011101110101010100110000010010010011000110010001001111111011110111101110111001110100100001001001001000000010110111011011111101111011110111101101101011111111111101110101011111
10111010101101011000000110100101000011001001100100001111110111101011110011110111010110001010000010000100001011101111010010111111011111110111111010101101111111110111101011101111
01110101011110000011000101100000101000110001110001001101111111011110111011111010010001101100000100100010000011011101001111011111011111011111110101011110111111111011011101101111
10011001000011111101001100001100111000001010100000101001111111111111101111001101001001000100101001000001100011101100110111111010111110101111010111111111011111111101111011001111
01100010010011101111100010001110000110010101000000010111110111111101011110101111000100010011000100100001100011011110101011110101111111011111011011011111101111111110110010111111
11100000000101100000101111111011010000100000011010101110111011011111111101100111100000010100011000100100001011100011101101111110101101111111111001111111110111111011101110011111
00001111000010001000111111011001100001010000011100011111100100111111111111011011001000001001000111010000000110111011100111001111111011111110011110111111111011111110001111011111
00000000101000010111010001111111100000000100100111111010011111111111111000111111000000100010110011100000010000011111110110100111111111111110100111111111111101110001111110111111
01000110001000110001000100010000011101111101001101101011111010101101011111111111001100000000010000001101010101111001011110111011101011111001111111111111111110111011010011111111
10000001100100001110100001000000010111111010101011010111011110011011110111111111000001010000000010010011011010110100111111010111100110101111111111111111111111010111100101111111
00010000010000000000011010100110101110001011011111110101101101100111111111111111000010000000001100001010101101000111111101111001010101111111111111111111111111100100011111111111
01101111010011100001101100011000011000110100010000001000110000010100001110000000111101111101111101111101100111111010001111111110111011011101011101111101111101000111111111111111
10011011110011001100111010000100000111001010000000010101000100100001100110000000111111011011101111011011101111110110110011111101110111101111011110101110110100111011111111111111
11100110001110101010100111000001000101110001001000000111000010001000010001000010111111011111010110110111011111111001101011011111101111111011111010011011011101101101111111111111
11010001101101010101000101110000010001101000100001101000011010001001100000100000111101111110111011101111011011110101010110111111101111101111110101100111101011101110111111111111
10101000100101111110100000001111010010000110100010000010010011010010000000000101110111110111111011110101111010101110111011110110111110110111101011111110111010101111011111111111
01010100011010110111010000000110101100000111000001100001001011100100001000001000111111100111111101101011110101011101111011111001111111111011100111011101110011011111101111111111
10111000001010000000011111101101101000000000110110101000000101000110100001000010111011101110111111110110101111001011110111101110011101111111110110111011101110011111110111111111
00000101110100000010111001110011100000100010011011010100001000010010111000010000110011111101111111111010011100110111101101011111110111111110101101111101001110111111111011111111
00000010000001111001001110111111100000001001001100110000100000101001011000000101001110011111111111101101111101101111100100111011111111111110011011110010111111011111111101111111
00011101000100011000000100000000111011011011111101000001100000000010000011011001011111101101001111011111111110101101011111011011011010110111111111110111100101111111111110111111
00100010111000000011000000100100001110111101100111010000010100000000010010110110010111111010110110111111111101011110011110110111010111011101111111111011010011111111111111011111
01000000000000000100110011011010010111010100011111110010000000000101000100101011101100110011011111111111111110010011111111100101101001111111111111110100011111111111111111101111
11000011000000010010010000101000001010000000001000001111111101001011001100011110011010110111111110011111000011111111111111111111110000011010110011101111111111111111111111110111
00110100100000001001001001000010010100000000000100001110101110110111010011101100101111111110010101011000111011111111111111110011111101100100111100011111111111111111111111111011
00001000011100100100000010010000100000011000000010000011111101111100110101110001101111111001101010100110110111111111111101101111001110111101001111001111111111111111111111111101
00000000000011000000000000000001000001100111110000111100000011111000101111111111110000001111100001111111111111111111111100001100111111000011111111111111111111111111111111111110
