0101100100101001111101110001100101000000110100001011000000101001100011101111100101001001101000011000100111100010110101001000101011011000101110101111111100000001000101100100011000111000010011110011
1010110010010100111110111000110010100000011010000101100000010100110001110111110010100100110000001100010011110001011010100100010101101100010111010111111110000000100010110010001100011110001001111001
0101011001001010011111011100011001010000001101000010110000001010011000111011111001010010011100000110001001111000101101010010001010110110001011101011111111000000010001011001000110001101000100111101
1010101100100101001111101110001100101000000110100001011000000101001100011101111100101001001110000011000100111100010110101001000101011011000101110101111111100000001000101100100011000100100010011111
1101010110010010100111110111000110010100000011010000101100000010100110001110111110010100100111000001100010011110001011010100100010101101100010111010111111110000000100010110010001100010010001001111
0110101011001001010011111011100011001010000001101000010110000001010011000111011111001010010011100000110001001111000101101010010001010110110001011101011111111000000010001011001000110011001000100111
0011010101100100101001111101110001100101000000110100001011000000101001100011101111100101001001110000011000100111100010110101001000101011011000101110101111111100000001000101100100011011100100010011
1001101010110010010100111110111000110010100000011010000101100000010100110001110111110010100000111000001100010011110001011010100100010101101100010111010111111110000000100010110010001111110010001001
0100110101011001001010011111011100011001010000001101000010110000001010011000111011111001010100011100000110001001111000101101010010001010110110001011101011111111000000010001011001000101111001000101
0010011010101100100101001111101110001100101000000110100001011000000101001100011101111100101110001110000011000100111100010110101001000101011011000101110101111111100000001000101100100000111100100011
1001001101010110010010100111110111000110010100000011010000101100000010100110001110111110010011000111000001100010011110001011010100100010101101100010111010111111110000000100010110010010011110010001
0100100110101011001001010011111011100011001010000001101000010110000001010011000111011111001001100011100000110001001111000101101010010001010110110001011101011111111000000010001011001001001111001001
1010010011010101100100101001111101110001100101000000110100001011000000101001100011101111100000110001110000011000100111100010110101001000101011011000101110101111111100000001000101100100100111100101
0101001001101010110010010100111110111000110010100000011010000101100000010100110001110111110100011000111000001100010011110001011010100100010101101100010111010111111110000000100010110000010011110011
0010100100110101011001001010011111011100011001010000001101000010110000001010011000111011111010001100011100000110001001111000101101010010001010110110001011101011111111000000010001011010001001111001
1001010010011010101100100101001111101110001100101000000110100001011000000101001100011101111001000110001110000011000100111100010110101001000101011011000101110101111111100000001000101101000100111101
1100101001001101010110010010100111110111000110010100000011010000101100000010100110001110111100100011000111000001100010011110001011010100100010101101100010111010111111110000000100010100100010011111
1110010100100110101011001001010011111011100011001010000001101000010110000001010011000111011110010001100011100000110001001111000101101010010001010110110001011101011111111000000010001010010001001111
1111001010010011010101100100101001111101110001100101000000110100001011000000101001100011101011001000110001110000011000100111100010110101001000101011011000101110101111111100000001000111001000100111
1111100101001001101010110010010100111110111000110010100000011010000101100000010100110001110101100100011000111000001100010011110001011010100100010101101100010111010111111110000000100011100100010011
0111110010100100110101011001001010011111011100011001010000001101000010110000001010011000111010110010001100011100000110001001111000101101010010001010110110001011101011111111000000010011110010001001
1011111001010010011010101100100101001111101110001100101000000110100001011000000101001100011001011001000110001110000011000100111100010110101001000101011011000101110101111111100000001001111001000101
1101111100101001001101010110010010100111110111000110010100000011010000101100000010100110001000101100100011000111000001100010011110001011010100100010101101100010111010111111110000000100111100100011
1110111110010100100110101011001001010011111011100011001010000001101000010110000001010011000100010110010001100011100000110001001111000101101010010001010110110001011101011111111000000010011110010001
0111011111001010010011010101100100101001111101110001100101000000110100001011000000101001100010001011001000110001110000011000100111100010110101001000101011011000101110101111111100000001001111001001
0011101111100101001001101010110010010100111110111000110010100000011010000101100000010100110001000101100100011000111000001100010011110001011010100100010101101100010111010111111110000000100111100101
0001110111110010100100110101011001001010011111011100011001010000001101000010110000001010011000100010110010001100011100000110001001111000101101010010001010110110001011101011111111000000010011110011
1000111011111001010010011010101100100101001111101110001100101000000110100001011000000101001000010001011001000110001110000011000100111100010110101001000101011011000101110101111111100010001001111001
1100011101111100101001001101010110010010100111110111000110010100000011010000101100000010100000001000101100100011000111000001100010011110001011010100100010101101100010111010111111110001000100111101
0110001110111110010100100110101011001001010011111011100011001010000001101000010110000001010000000100010110010001100011100000110001001111000101101010010001010110110001011101011111111000100010011111
0011000111011111001010010011010101100100101001111101110001100101000000110100001011000000101000000010001011001000110001110000011000100111100010110101001000101011011000101110101111111110010001001111
1001100011101111100101001001101010110010010100111110111000110010100000011010000101100000010100000001000101100100011000111000001100010011110001011010100100010101101100010111010111111111001000100111
0100110001110111110010100100110101011001001010011111011100011001010000001101000010110000001110000000100010110010001100011100000110001001111000101101010010001010110110001011101011111111100100010011
1010011000111011111001010010011010101100100101001111101110001100101000000110100001011000000111000000010001011001000110001110000011000100111100010110101001000101011011000101110101111111110010001001
0101001100011101111100101001001101010110010010100111110111000110010100000011010000101100000111100000001000101100100011000111000001100010011110001011010100100010101101100010111010111101111001000101
0010100110001110111110010100100110101011001001010011111011100011001010000001101000010110000111110000000100010110010001100011100000110001001111000101101010010001010110110001011101011100111100100011
0001010011000111011111001010010011010101100100101001111101110001100101000000110100001011000111111000000010001011001000110001110000011000100111100010110101001000101011011000101110101110011110010001
0000101001100011101111100101001001101010110010010100111110111000110010100000011010000101100111111100000001000101100100011000111000001100010011110001011010100100010101101100010111010101001111001001
0000010100110001110111110010100100110101011001001010011111011100011001010000001101000010110111111110000000100010110010001100011100000110001001111000101101010010001010110110001011101000100111100101
0000001010011000111011111001010010011010101100100101001111101110001100101000000110100001011011111111000000010001011001000110001110000011000100111100010110101001000101011011000101110100010011110011
1000000101001100011101111100101001001101010110010010100111110111000110010100000011010000101101111111100000001000101100100011000111000001100010011110001011010100100010101101100010111010001001111001
1100000010100110001110111110010100100110101011001001010011111011100011001010000001101000010010111111110000000100010110010001100011100000110001001111000101101010010001010110110001011101000100111101
0110000001010011000111011111001010010011010101100100101001111101110001100101000000110100001101011111111000000010001011001000110001110000011000100111100010110101001000101011011000101100100010011111
1011000000101001100011101111100101001001101010110010010100111110111000110010100000011010000110101111111100000001000101100100011000111000001100010011110001011010100100010101101100010110010001001111
0101100000010100110001110111110010100100110101011001001010011111011100011001010000001101000111010111111110000000100010110010001100011100000110001001111000101101010010001010110110001011001000100111
0010110000001010011000111011111001010010011010101100100101001111101110001100101000000110100011101011111111000000010001011001000110001110000011000100111100010110101001000101011011000111100100010011
0001011000000101001100011101111100101001001101010110010010100111110111000110010100000011010101110101111111100000001000101100100011000111000001100010011110001011010100100010101101100011110010001001
0000101100000010100110001110111110010100100110101011001001010011111011100011001010000001101010111010111111110000000100010110010001100011100000110001001111000101101010010001010110110001111001000101
1000010110000001010011000111011111001010010011010101100100101001111101110001100101000000110001011101011111111000000010001011001000110001110000011000100111100010110101001000101011011000111100100011
0100001011000000101001100011101111100101001001101010110010010100111110111000110010100000011000101110101111111100000001000101100100011000111000001100010011110001011010100100010101101110011110010001
1010000101100000010100110001110111110010100100110101011001001010011111011100011001010000001100010111010111111110000000100010110010001100011100000110001001111000101101010010001010110101001111001001
1101000010110000001010011000111011111001010010011010101100100101001111101110001100101000000110001011101011111111000000010001011001000110001110000011000100111100010110101001000101011000100111100101
0110100001011000000101001100011101111100101001001101010110010010100111110111000110010100000011000101110101111111100000001000101100100011000111000001100010011110001011010100100010101100010011110011
0011010000101100000010100110001110111110010100100110101011001001010011111011100011001010000101100010111010111111110000000100010110010001100011100000110001001111000101101010010001010110001001111001
0001101000010110000001010011000111011111001010010011010101100100101001111101110001100101000110110001011101011111111000000010001011001000110001110000011000100111100010110101001000101001000100111101
0000110100001011000000101001100011101111100101001001101010110010010100111110111000110010100011011000101110101111111100000001000101100100011000111000001100010011110001011010100100010100100010011111
0000011010000101100000010100110001110111110010100100110101011001001010011111011100011001010101101100010111010111111110000000100010110010001100011100000110001001111000101101010010001010010001001111
0000001101000010110000001010011000111011111001010010011010101100100101001111101110001100101010110110001011101011111111000000010001011001000110001110000011000100111100010110101001000111001000100111
1000000110100001011000000101001100011101111100101001001101010110010010100111110111000110010101011011000101110101111111100000001000101100100011000111000001100010011110001011010100100011100100010011
0100000011010000101100000010100110001110111110010100100110101011001001010011111011100011001010101101100010111010111111110000000100010110010001100011100000110001001111000101101010010011110010001001
1010000001101000010110000001010011000111011111001010010011010101100100101001111101110001100001010110110001011101011111111000000010001011001000110001110000011000100111100010110101001001111001000101
0101000000110100001011000000101001100011101111100101001001101010110010010100111110111000110000101011011000101110101111111100000001000101100100011000111000001100010011110001011010100100111100100011
0010100000011010000101100000010100110001110111110010100100110101011001001010011111011100011100010101101100010111010111111110000000100010110010001100011100000110001001111000101101010010011110010001
1001010000001101000010110000001010011000111011111001010010011010101100100101001111101110001010001010110110001011101011111111000000010001011001000110001110000011000100111100010110101001001111001001
1100101000000110100001011000000101001100011101111100101001001101010110010010100111110111000001000101011011000101110101111111100000001000101100100011000111000001100010011110001011010100100111100101
0110010100000011010000101100000010100110001110111110010100100110101011001001010011111011100100100010101101100010111010111111110000000100010110010001100011100000110001001111000101101000010011110011
0011001010000001101000010110000001010011000111011111001010010011010101100100101001111101110010010001010110110001011101011111111000000010001011001000110001110000011000100111100010110110001001111001
0001100101000000110100001011000000101001100011101111100101001001101010110010010100111110111101001000101011011000101110101111111100000001000101100100011000111000001100010011110001011001000100111101
1000110010100000011010000101100000010100110001110111110010100100110101011001001010011111011010100100010101101100010111010111111110000000100010110010001100011100000110001001111000101100100010011111
1100011001010000001101000010110000001010011000111011111001010010011010101100100101001111101101010010001010110110001011101011111111000000010001011001000110001110000011000100111100010110010001001111
1110001100101000000110100001011000000101001100011101111100101001001101010110010010100111110110101001000101011011000101110101111111100000001000101100100011000111000001100010011110001011001000100111
0111000110010100000011010000101100000010100110001110111110010100100110101011001001010011111011010100100010101101100010111010111111110000000100010110010001100011100000110001001111000111100100010011
1011100011001010000001101000010110000001010011000111011111001010010011010101100100101001111101101010010001010110110001011101011111111000000010001011001000110001110000011000100111100011110010001001
1101110001100101000000110100001011000000101001100011101111100101001001101010110010010100111010110101001000101011011000101110101111111100000001000101100100011000111000001100010011110001111001000101
1110111000110010100000011010000101100000010100110001110111110010100100110101011001001010011001011010100100010101101100010111010111111110000000100010110010001100011100000110001001111000111100100011
1111011100011001010000001101000010110000001010011000111011111001010010011010101100100101001000101101010010001010110110001011101011111111000000010001011001000110001110000011000100111110011110010001
1111101110001100101000000110100001011000000101001100011101111100101001001101010110010010100100010110101001000101011011000101110101111111100000001000101100100011000111000001100010011101001111001001
0111110111000110010100000011010000101100000010100110001110111110010100100110101011001001010110001011010100100010101101100010111010111111110000000100010110010001100011100000110001001100100111100101
0011111011100011001010000001101000010110000001010011000111011111001010010011010101100100101111000101101010010001010110110001011101011111111000000010001011001000110001110000011000100100010011110011
1001111101110001100101000000110100001011000000101001100011101111100101001001101010110010010111100010110101001000101011011000101110101111111100000001000101100100011000111000001100010010001001111001
0100111110111000110010100000011010000101100000010100110001110111110010100100110101011001001011110001011010100100010101101100010111010111111110000000100010110010001100011100000110001001000100111101
1010011111011100011001010000001101000010110000001010011000111011111001010010011010101100100001111000101101010010001010110110001011101011111111000000010001011001000110001110000011000100100010011111
0101001111101110001100101000000110100001011000000101001100011101111100101001001101010110010100111100010110101001000101011011000101110101111111100000001000101100100011000111000001100010010001001111
0010100111110111000110010100000011010000101100000010100110001110111110010100100110101011001010011110001011010100100010101101100010111010111111110000000100010110010001100011100000110011001000100111
1001010011111011100011001010000001101000010110000001010011000111011111001010010011010101100001001111000101101010010001010110110001011101011111111000000010001011001000110001110000011011100100010011
0100101001111101110001100101000000110100001011000000101001100011101111100101001001101010110000100111100010110101001000101011011000101110101111111100000001000101100100011000111000001111110010001001
0010010100111110111000110010100000011010000101100000010100110001110111110010100100110101011100010011110001011010100100010101101100010111010111111110000000100010110010001100011100000101111001000101
1001001010011111011100011001010000001101000010110000001010011000111011111001010010011010101110001001111000101101010010001010110110001011101011111111000000010001011001000110001110000000111100100011
1100100101001111101110001100101000000110100001011000000101001100011101111100101001001101010011000100111100010110101001000101011011000101110101111111100000001000101100100011000111000010011110010001
0110010010100111110111000110010100000011010000101100000010100110001110111110010100100110101001100010011110001011010100100010101101100010111010111111110000000100010110010001100011100001001111001001
1011001001010011111011100011001010000001101000010110000001010011000111011111001010010011010000110001001111000101101010010001010110110001011101011111111000000010001011001000110001110000100111100101
0011100011000100110100010000000111111110101110100011011010100010010101101000111100100011000001001101101001000001000110001101011111000101111010001111101011000110001000001001011011001010010101001110
0001110001100010011010001000000011111111010111010001101101010001001010110100011110010001100000100110110100100000100011000110101111100010111101000111110101100011000100000100101101100111001010100110
0000111000110001001101000100000001111111101011101000110110101000100101011010001111001000110100010011011010010000010001100011010111110001011110100011111010110001100010000010010110110011100101010010
0000011100011000100110100010000000111111110101110100011011010100010010101101000111100100011010001001101101001000001000110001101011111000101111010001111101011000110001000001001011011011110010101000
1000001110001100010011010001000000011111111010111010001101101010001001010110100011110010001001000100110110100100000100011000110101111100010111101000111110101100011000100000100101101101111001010100
1100000111000110001001101000100000001111111101011101000110110101000100101011010001111001000100100010011011010010000010001100011010111110001011110100011111010110001100010000010010110100111100101010
0110000011100011000100110100010000000111111110101110100011011010100010010101101000111100100110010001001101101001000001000110001101011111000101111010001111101011000110001000001001011010011110010100
0011000001110001100010011010001000000011111111010111010001101101010001001010110100011110010011001000100110110100100000100011000110101111100010111101000111110101100011000100000100101101001111001010
0001100000111000110001001101000100000001111111101011101000110110101000100101011010001111001101100100010011011010010000010001100011010111110001011110100011111010110001100010000010010110100111100100
1000110000011100011000100110100010000000111111110101110100011011010100010010101101000111100110110010001001101101001000001000110001101011111000101111010001111101011000110001000001001001010011110010
0100011000001110001100010011010001000000011111111010111010001101101010001001010110100011110011011001000100110110100100000100011000110101111100010111101000111110101100011000100000100110101001111000
0010001100000111000110001001101000100000001111111101011101000110110101000100101011010001111101101100100010011011010010000010001100011010111110001011110100011111010110001100010000010001010100111100
1001000110000011100011000100110100010000000111111110101110100011011010100010010101101000111010110110010001001101101001000001000110001101011111000101111010001111101011000110001000001000101010011110
1100100011000001110001100010011010001000000011111111010111010001101101010001001010110100011001011011001000100110110100100000100011000110101111100010111101000111110101100011000100000110010101001110
1110010001100000111000110001001101000100000001111111101011101000110110101000100101011010001100101101100100010011011010010000010001100011010111110001011110100011111010110001100010000011001010100110
1111001000110000011100011000100110100010000000111111110101110100011011010100010010101101000010010110110010001001101101001000001000110001101011111000101111010001111101011000110001000011100101010010
0111100100011000001110001100010011010001000000011111111010111010001101101010001001010110100001001011011001000100110110100100000100011000110101111100010111101000111110101100011000100011110010101000
0011110010001100000111000110001001101000100000001111111101011101000110110101000100101011010000100101101100100010011011010010000010001100011010111110001011110100011111010110001100010001111001010100
0001111001000110000011100011000100110100010000000111111110101110100011011010100010010101101000010010110110010001001101101001000001000110001101011111000101111010001111101011000110001000111100101010
1000111100100011000001110001100010011010001000000011111111010111010001101101010001001010110000001001011011001000100110110100100000100011000110101111100010111101000111110101100011000110011110010100
0100011110010001100000111000110001001101000100000001111111101011101000110110101000100101011100000100101101100100010011011010010000010001100011010111110001011110100011111010110001100001001111001010
1010001111001000110000011100011000100110100010000000111111110101110100011011010100010010101010000010010110110010001001101101001000001000110001101011111000101111010001111101011000110010100111100100
1101000111100100011000001110001100010011010001000000011111111010111010001101101010001001010001000001001011011001000100110110100100000100011000110101111100010111101000111110101100011001010011110010
0110100011110010001100000111000110001001101000100000001111111101011101000110110101000100101000100000100101101100100010011011010010000010001100011010111110001011110100011111010110001110101001111000
1011010001111001000110000011100011000100110100010000000111111110101110100011011010100010010100010000010010110110010001001101101001000001000110001101011111000101111010001111101011000101010100111100
0101101000111100100011000001110001100010011010001000000011111111010111010001101101010001001110001000001001011011001000100110110100100000100011000110101111100010111101000111110101100000101010011110
1010110100011110010001100000111000110001001101000100000001111111101011101000110110101000100011000100000100101101100100010011011010010000010001100011010111110001011110100011111010110010010101001110
0101011010001111001000110000011100011000100110100010000000111111110101110100011011010100010001100010000010010110110010001001101101001000001000110001101011111000101111010001111101011011001010100110
0010101101000111100100011000001110001100010011010001000000011111111010111010001101101010001000110001000001001011011001000100110110100100000100011000110101111100010111101000111110101111100101010010
1001010110100011110010001100000111000110001001101000100000001111111101011101000110110101000100011000100000100101101100100010011011010010000010001100011010111110001011110100011111010111110010101000
0100101011010001111001000110000011100011000100110100010000000111111110101110100011011010100110001100010000010010110110010001001101101001000001000110001101011111000101111010001111101001111001010100
0010010101101000111100100011000001110001100010011010001000000011111111010111010001101101010011000110001000001001011011001000100110110100100000100011000110101111100010111101000111110100111100101010
0001001010110100011110010001100000111000110001001101000100000001111111101011101000110110101101100011000100000100101101100100010011011010010000010001100011010111110001011110100011111010011110010100
1000100101011010001111001000110000011100011000100110100010000000111111110101110100011011010010110001100010000010010110110010001001101101001000001000110001101011111000101111010001111101001111001010
0100010010101101000111100100011000001110001100010011010001000000011111111010111010001101101101011000110001000001001011011001000100110110100100000100011000110101111100010111101000111110100111100100
1010001001010110100011110010001100000111000110001001101000100000001111111101011101000110110110101100011000100000100101101100100010011011010010000010001100011010111110001011110100011101010011110010
0101000100101011010001111001000110000011100011000100110100010000000111111110101110100011011111010110001100010000010010110110010001001101101001000001000110001101011111000101111010001110101001111000
1010100010010101101000111100100011000001110001100010011010001000000011111111010111010001101111101011000110001000001001011011001000100110110100100000100011000110101111100010111101000101010100111100
1101010001001010110100011110010001100000111000110001001101000100000001111111101011101000110111110101100011000100000100101101100100010011011010010000010001100011010111110001011110100000101010011110
0110101000100101011010001111001000110000011100011000100110100010000000111111110101110100011011111010110001100010000010010110110010001001101101001000001000110001101011111000101111010010010101001110
1011010100010010101101000111100100011000001110001100010011010001000000011111111010111010001001111101011000110001000001001011011001000100110110100100000100011000110101111100010111101011001010100110
1101101010001001010110100011110010001100000111000110001001101000100000001111111101011101000000111110101100011000100000100101101100100010011011010010000010001100011010111110001011110111100101010010
0110110101000100101011010001111001000110000011100011000100110100010000000111111110101110100100011111010110001100010000010010110110010001001101101001000001000110001101011111000101111011110010101000
0011011010100010010101101000111100100011000001110001100010011010001000000011111111010111010010001111101011000110001000001001011011001000100110110100100000100011000110101111100010111101111001010100
0001101101010001001010110100011110010001100000111000110001001101000100000001111111101011101101000111110101100011000100000100101101100100010011011010010000010001100011010111110001011100111100101010
1000110110101000100101011010001111001000110000011100011000100110100010000000111111110101110110100011111010110001100010000010010110110010001001101101001000001000110001101011111000101110011110010100
0100011011010100010010101101000111100100011000001110001100010011010001000000011111111010111111010001111101011000110001000001001011011001000100110110100100000100011000110101111100010101001111001010
1010001101101010001001010110100011110010001100000111000110001001101000100000001111111101011111101000111110101100011000100000100101101100100010011011010010000010001100011010111110001010100111100100
1101000110110101000100101011010001111001000110000011100011000100110100010000000111111110101011110100011111010110001100010000010010110110010001001101101001000001000110001101011111000101010011110010
1110100011011010100010010101101000111100100011000001110001100010011010001000000011111111010101111010001111101011000110001000001001011011001000100110110100100000100011000110101111100010101001111000
0111010001101101010001001010110100011110010001100000111000110001001101000100000001111111101010111101000111110101100011000100000100101101100100010011011010010000010001100011010111110001010100111100
1011101000110110101000100101011010001111001000110000011100011000100110100010000000111111110001011110100011111010110001100010000010010110110010001001101101001000001000110001101011111000101010011110
0101110100011011010100010010101101000111100100011000001110001100010011010001000000011111111000101111010001111101011000110001000001001011011001000100110110100100000100011000110101111110010101001110
1010111010001101101010001001010110100011110010001100000111000110001001101000100000001111111100010111101000111110101100011000100000100101101100100010011011010010000010001100011010111111001010100110
1101011101000110110101000100101011010001111001000110000011100011000100110100010000000111111110001011110100011111010110001100010000010010110110010001001101101001000001000110001101011111100101010010
1110101110100011011010100010010101101000111100100011000001110001100010011010001000000011111111000101111010001111101011000110001000001001011011001000100110110100100000100011000110101111110010101000
1111010111010001101101010001001010110100011110010001100000111000110001001101000100000001111111100010111101000111110101100011000100000100101101100100010011011010010000010001100011010101111001010100
1111101011101000110110101000100101011010001111001000110000011100011000100110100010000000111111110001011110100011111010110001100010000010010110110010001001101101001000001000110001101000111100101010
1111110101110100011011010100010010101101000111100100011000001110001100010011010001000000011011111000101111010001111101011000110001000001001011011001000100110110100100000100011000110110011110010100
1111111010111010001101101010001001010110100011110010001100000111000110001001101000100000001101111100010111101000111110101100011000100000100101101100100010011011010010000010001100011001001111001010
1111111101011101000110110101000100101011010001111001000110000011100011000100110100010000000010111110001011110100011111010110001100010000010010110110010001001101101001000001000110001110100111100100
0111111110101110100011011010100010010101101000111100100011000001110001100010011010001000000101011111000101111010001111101011000110001000001001011011001000100110110100100000100011000101010011110010
0011111111010111010001101101010001001010110100011110010001100000111000110001001101000100000110101111100010111101000111110101100011000100000100101101100100010011011010010000010001100010101001111000
0001111111101011101000110110101000100101011010001111001000110000011100011000100110100010000011010111110001011110100011111010110001100010000010010110110010001001101101001000001000110001010100111100
0000111111110101110100011011010100010010101101000111100100011000001110001100010011010001000001101011111000101111010001111101011000110001000001001011011001000100110110100100000100011000101010011110
0000011111111010111010001101101010001001010110100011110010001100000111000110001001101000100000110101111100010111101000111110101100011000100000100101101100100010011011010010000010001110010101001110
0000001111111101011101000110110101000100101011010001111001000110000011100011000100110100010100011010111110001011110100011111010110001100010000010010110110010001001101101001000001000111001010100110
0000000111111110101110100011011010100010010101101000111100100011000001110001100010011010001110001101011111000101111010001111101011000110001000001001011011001000100110110100100000100011100101010010
1000000011111111010111010001101101010001001010110100011110010001100000111000110001001101000011000110101111100010111101000111110101100011000100000100101101100100010011011010010000010011110010101000
0100000001111111101011101000110110101000100101011010001111001000110000011100011000100110100001100011010111110001011110100011111010110001100010000010010110110010001001101101001000001001111001010100
0010000000111111110101110100011011010100010010101101000111100100011000001110001100010011010000110001101011111000101111010001111101011000110001000001001011011001000100110110100100000100111100101010
0001000000011111111010111010001101101010001001010110100011110010001100000111000110001001101100011000110101111100010111101000111110101100011000100000100101101100100010011011010010000010011110010100
1000100000001111111101011101000110110101000100101011010001111001000110000011100011000100110010001100011010111110001011110100011111010110001100010000010010110110010001001101101001000001001111001010
0100010000000111111110101110100011011010100010010101101000111100100011000001110001100010011001000110001101011111000101111010001111101011000110001000001001011011001000100110110100100010100111100100
1010001000000011111111010111010001101101010001001010110100011110010001100000111000110001001000100011000110101111100010111101000111110101100011000100000100101101100100010011011010010001010011110010
1101000100000001111111101011101000110110101000100101011010001111001000110000011100011000100000010001100011010111110001011110100011111010110001100010000010010110110010001001101101001010101001111000
0110100010000000111111110101110100011011010100010010101101000111100100011000001110001100010000001000110001101011111000101111010001111101011000110001000001001011011001000100110110100101010100111100
0011010001000000011111111010111010001101101010001001010110100011110010001100000111000110001100000100011000110101111100010111101000111110101100011000100000100101101100100010011011010000101010011110
1001101000100000001111111101011101000110110101000100101011010001111001000110000011100011000010000010001100011010111110001011110100011111010110001100010000010010110110010001001101101010010101001110
0100110100010000000111111110101110100011011010100010010101101000111100100011000001110001100001000001000110001101011111000101111010001111101011000110001000001001011011001000100110110111001010100110
0010011010001000000011111111010111010001101101010001001010110100011110010001100000111000110100100000100011000110101111100010111101000111110101100011000100000100101101100100010011011011100101010010
0001001101000100000001111111101011101000110110101000100101011010001111001000110000011100011010010000010001100011010111110001011110100011111010110001100010000010010110110010001001101111110010101000
1000100110100010000000111111110101110100011011010100010010101101000111100100011000001110001101001000001000110001101011111000101111010001111101011000110001000001001011011001000100110101111001010100
1100010011010001000000011111111010111010001101101010001001010110100011110010001100000111000110100100000100011000110101111100010111101000111110101100011000100000100101101100100010011000111100101010
0110001001101000100000001111111101011101000110110101000100101011010001111001000110000011100011010010000010001100011010111110001011110100011111010110001100010000010010110110010001001110011110010100
0011000100110100010000000111111110101110100011011010100010010101101000111100100011000001110101101001000001000110001101011111000101111010001111101011000110001000001001011011001000100101001111001010
0001100010011010001000000011111111010111010001101101010001001010110100011110010001100000111110110100100000100011000110101111100010111101000111110101100011000100000100101101100100010010100111100100
1000110001001101000100000001111111101011101000110110101000100101011010001111001000110000011011011010010000010001100011010111110001011110100011111010110001100010000010010110110010001001010011110010
1100011000100110100010000000111111110101110100011011010100010010101101000111100100011000001001101101001000001000110001101011111000101111010001111101011000110001000001001011011001000110101001111000
1110001100010011010001000000011111111010111010001101101010001001010110100011110010001100000100110110100100000100011000110101111100010111101000111110101100011000100000100101101100100001010100111100
0111000110001001101000100000001111111101011101000110110101000100101011010001111001000110000010011011010010000010001100011010111110001011110100011111010110001100010000010010110110010000101010011110
0100111100100010011110010001001111001000100111100100010011110010001001111001000100111100100111100101010011110010101001111001010100111100101010011110010101001111001010100111100101010000000000000000
0010011110010001001111001000100111100100010011110010001001111001000100111100100010011110010011110010101001111001010100111100101010011110010101001111001010100111100101010011110010101000000000000000
0001001111001000100111100100010011110010001001111001000100111100100010011110010001001111001001111001010100111100101010011110010101001111001010100111100101010011110010101001111001010100000000000000
1000100111100100010011110010001001111001000100111100100010011110010001001111001000100111100100111100101010011110010101001111001010100111100101010011110010101001111001010100111100101000000000000000
0100010011110010001001111001000100111100100010011110010001001111001000100111100100010011110010011110010101001111001010100111100101010011110010101001111001010100111100101010011110010100000000000000
0010001001111001000100111100100010011110010001001111001000100111100100010011110010001001111101001111001010100111100101010011110010101001111001010100111100101010011110010101001111001000000000000000
1001000100111100100010011110010001001111001000100111100100010011110010001001111001000100111010100111100101010011110010101001111001010100111100101010011110010101001111001010100111100100000000000000
1100100010011110010001001111001000100111100100010011110010001001111001000100111100100010011101010011110010101001111001010100111100101010011110010101001111001010100111100101010011110000000000000000
1110010001001111001000100111100100010011110010001001111001000100111100100010011110010001001010101001111001010100111100101010011110010101001111001010100111100101010011110010101001111000000000000000
1111001000100111100100010011110010001001111001000100111100100010011110010001001111001000100001010100111100101010011110010101001111001010100111100101010011110010101001111001010100111100000000000000
0111100100010011110010001001111001000100111100100010011110010001001111001000100111100100010100101010011110010101001111001010100111100101010011110010101001111001010100111100101010011100000000000000
0011110010001001111001000100111100100010011110010001001111001000100111100100010011110010001110010101001111001010100111100101010011110010101001111001010100111100101010011110010101001100000000000000
1001111001000100111100100010011110010001001111001000100111100100010011110010001001111001000111001010100111100101010011110010101001111001010100111100101010011110010101001111001010100100000000000000
1111111111111111111111111111111111111111111111111111111111111111111111111111111111111111111000000000000000000000000000000000000000000000000000000000000000000000000000000000000000000000000000000000
