0111111111111110001011000001101101010001111111111110011001001110001110001100110101000010110101100110111011000000000010011000100100000100000010001010000000000000000100000000010010000000001000001000011001100010100000000100
1011111111101001010010111110101011000111100110100000011111111001010110100110111101000100010000100000100000110000100000001001000000010100111011111111100000110000000000100000100000000000000011000110000000001100010000000000
1101111111101111100100111001010010110111010011110100100011110011100001011100111100000010010000000000000000000110110100000000000010001010000101010010111101000000000100000011000010010000000010011000011000000110101001010000
1110111101000111001110111100001011101100111110110101100101111000111101101001010100100111110000000000000000000001011000000010001000000111010000101001000100000110010010010000010000000100100000000000011000110000000110100100
1111011110110101111010010110011101110110000110011110101011111010011010010111000100000000001010000010000000010011000000000000100000010001001100000000000000000000011111011010110010000001000001101000100100011110000010010100
1111101101001100110110010101101110010111111011010011111110000110011100011010011100100100000010010110000000000000000000000000010000001110000001010100001000000010100001111000001000000010000100110111110011100000000010010000
1111110110001011011101100101010110101110101111000110001111010110111110111001100000000001010000000000010010101010000000010001000000000000000001001100000011110001000001011000011010110000000001001011000000000000100101100011
1111111000011111010001101011111000011110011101100100010101101101011011110011110100110000000000100000001010001000000010000101000001110010100000000010010100010000000000010011001000010100010000100100100101110010000010010000
1110101001111111111111100100110001100101100111000110011010000000000000000100100011111001011111000000010101111110110001001100110100010000000001000000100000001100000101000010000000001000000011001000000000011100111101000000
1111010010111111000111111100100101110010111010111001010000000010000000000000001100101111110010010010100111111100101000000000000001000110001010010111111010000110100100000000000101000000100010000000010010000000011000101000
1110100011011110100010111111111110110011000100011100100000001011100000000100000111001110011111111011110000100000000100101100001010010000110110000000100011011000101100000101110011000000000001000000000000000100000000001000
1000100111101111101001011110111101011001011100101110000000101001001010000101000010010001101011011101101111001011000000000100100101100000001010000001010010001000000101110010000100100000010100110000100000000001001000001000
1110011111110110000110001101111110010111011011100100000100000001000000100000100011100101000011110101111010101100000000011000010010000000000000010101011000110001000001000011000010110111001010111100000000001000010000000010
1011110111111010111010001101001011110110011001110010000000000000101000010010000001111111101011101010001100010000000100000100001100000011000000000000110100000010000100000011010000101110000111100001001010110010001000010100
1011001111111101001101101010010100101111101100010100000000000001010001001001110010111011110101110011011011001000010001000001001001000000010100010000000011000000000000000001011001100110100010010001010000010011101000000100
0111101111010010111111111010010100101111000110100001000011110000000000000001000000110001010000000000001010011111111010010011101101110010011011110010000011000000011000010000000100010000000100000010100100000100011000110000
0010110010110101011111111111110011011011010001010011101010000000100000000110001010000000001011001100000100000011010111110010110110111011010100000000100001001010110000000000000000000000000100110011100000000111000001010001
0100111110000101101111110011001011111110101101000010010011000100000010010010000001111000001000101010000000110101100111000111010101111000101001100100000000100000000010001000001000001011010001000011000010001000000010010011
1001101010010111110111000111001111001101111110000011001011000000000110001001000000011011100000000000000101000011011101110011101111000001000000001000010000001001001010000000110110101010011101000000000000011011100000000100
0011011011001011111011010101010110101111111001010001100110000000000001001001010010101000000000000001010110100111011101011000010011101010000000000001001000100100000010001000000101001001100010010010010001000100110110100010
1101110011101101111101001000101111110011001110010001110110000000000000000010000101100000000011000000100000010101001000011110111110010001010010001100000000000110011000000100010011001111001000000110000011101100010000100100
1000001111010011111110101010110101111010111101001001011100000100000011000010100010010000100000000000100111000110001011110101110101100000000110001110000110000100000000000100001001000000000000001001000111000011100101101001
0111001111100011110001011111110011111010100100000100010001000100110001100000100000000011011100010000000001101100110011100010000000011111111101100110100111011110100000000100001000010100110000000000000000010000000001000001
0111110001110001110100101110011111111001110100101000100000110000000100000100011001000100011000011111000000000111101101000010000000001010101111100001001101000000100110111000101100000001100000100010110000000000000010001010
0111000101111111100011110010111011101011011000100000000100110001100000100010101000000110000001001100001000001001101000000100111011000001110110111101110101000000010000000101000001100100100000100101000100000010001001101000
0101111011111100101100110011111111000110110000000001001100001000111100100000000010000101001010010000000100100010000101111000000000000111001000000001100010111111100111111010110100100000100111100000000000010000010100000000
0100100100110011111001111101111101001111110100001001000001111001010000000010011010010000001100111000001001010000000111100001000001000001111100010000000010101001011010101101101101000000001000000100000100001011000000010001
1010011100101100111100100110111110011111111001000010000001000110101000011000000000001010000100101000011000100000010110111000000010101111100000000010111000111001101000001101000110011000011100000000001001100000000000010011
1100010111111000100011101111011101011001111100000001011000001111000000100000001110000000000111000100010100001000100010001100010000011100110000011010110000011111110001100010000001000000011000000100100111100001010101000000
0010101110111011100101111111100100111111000100000000000100110011100001010100100010010000000111000001011000001010000001110000100000101001100100000000001101110101111000011010000000000001100000101000100101010000111100001010
1101110100111100011010011111100111000101111100100100000000001101001000100010000000010110000000101100100000000001100100001110111010000100100010100001000000000001001011111111111010000011010100000000011111011000000010000000
1000111001111011001111010111111000110011101100001001101000010110001000001001000000000001000000010011011010000110001000011000001000000000001110010010001010000001101001101100111111100011001100000000100111000001010000000110
0111011000101100111110111101001001111111011000000000100110000000100111101000000001000110001000011101100100100000000100100010001010001000000001101100000101110010000010100100100010111110010101010110001000000100100001100000
1101100011010100111011111110101010111000111100001000011000010000001010100110001001000000001000001100100101010000100011000010100000000101001000001001100000100110010110100000000000101101111010001000011000011011001001100101
0011101011100111010111111000010111011110101100011000100000010110100001010001000001001000001100000011000000010100101000000100001000000000000001100000000111000100011101000100000001111101100011001001001110000100001111101110
1010110101111100110011110001110111101010011100001000110000000010000011010100000101000000100010010011100000000100000010100010000100111000001100000110011100010010100100000010000010010111011000111000101010100001000000011111
0001001100010011111101111011110011110101111100001010000000100000010111110001001010001000100100001101010100001001010010000011000000101000010000101000010001010000010010010001000101011100111000000011100000100001000100101011
0111111110001111011100000111011010101011111010000000000000101000010101010000000010111100100100100000000000010000010000100001000000100100000001110000001000100001011011010011100000011010000111011101001100011100111110010000
0110111101101111110111101111010110110100000000010000000100000000110001010010000100000010000000010010101010110000000000110001000011110001001100010110100010100000000000001100010001110001100111110111000111000110010000010001
1110010010111011101110011011111110001100110100000010000010100001000100001100111000000000000101000101011001000000010000001000111110001000010011110000001001001000001000100101100100001010001100010110110001101100111000001000
1101011011000010011101110111101101101101011100000010001000000100010100001000111000001000110100100010000001110000111001001001010000000100000000100011000000001101100001101100101100000000100010000001011010101001000111001111
1011010101011100101101011111101011011101101001101001000000001000000100100000011000000100100000000100000111000000001110100000010111000010000000000001011100001011000110000011100100010000001000111100011100100010100111111001
1001011101011110011111001001101111111100110000000000110000001110001010001001000000101000100001101000000010001001001000000100000001100100100010001101011000100011110001000000001011101110010000010101001000000001101011100110
1101101110110011011011110010111101111001100000000100000001010001000000000101010101010001010000000001110001000000000000000111001100010000110001001000000110011100001000110000011000000001011001001010110011111001000110001111
1111111011001001001010000000000000000100000001111111111111110010010100010000001111111111110110010100100001011111111000110011100010000101000001011100011000000001011001010000000010010000001000001100000000001000000000000000
1010011110001100110101000001000000000000010010111111111111010100101000110010111011111101001000101101011111100110000110011100010110100010000001000000101100000000000000000001001000000000001000001001000001000010000111010011
1111000101011101000000011000001000000000010011011111000001111101100101100111111001010111110001101100101110011101101100010010000100000010100010100011010100000001000000000010000100010001000110100010001110000000010000000010
1011110001100110100110000000000000100010000011101111100011001111110001010011011110001010101111100111100111010001000100010000000010001111010000000000000011000110011000000000010001000001100010010011010011000110000010000100
1000100001110000000001010010000101111000010011110111111000111110011111110111001011001100101100011111110111010100001010100000000000000000001110000000001010000000001110000101100101011001001000001000000100000000000000101001
1011101110111010000000100000001000000000000111111010100001101101111001101101100110100011011001011100110011101101010000000110010010010000000100000000000010001100000011010111011010010001010000011000010000011000000011000001
1000111010010100111000000001000000001001100011111100001011100110111110011111101000001011101111001110011101111001010000000000110100001001000000100100010000001000000001001100000100001000000101100011100010101000000000001011
0001010001000001101111000110100100000000010011111000111111011111100101101011011110110101000010010000000100000100001111110010011101000010010000010000000010001111111010000000000101000010001100000000000110000001010100110000
0011110000100000100110010000000110110000001011011101011110111010111001001101011111101000001000011001000000000111011100101110001010110000000100000000001100000010110001100100101011000100000000010100101000000101000011000110
1100010111000000010011100000100001010000001011001001101110001110011111110110111101111000000100010000000001001100100011101110100101110100101011000100101000000010100100000000001001001110111000000100000001010000111000000000
1100111010000000101001000100100101000000100011001011110110010110011110101111101011001100000000000110010100000010111011111001111000010100000100011010100000010000100001100000100000100000000111101001100100010011000001000100
0101011100001000000111001100010010000010000011000001111010110001111111111010110111110100000010010001101000100010001001111101111011100001000000001101000100110100000000111100000000100100100000100100000001100000000100101000
0110111010000001111110000000000010000001000011010011111101010011010010111011111000011000000010000001000101111011100100001000111111011000011001000100000001010010001000101010100110000010010000010010000000000100101001110100
1111101100000001011000100011000000000000000111110111000010111111100010001001110100000011001000100000001001100101000110010000000101001111111001111110010110111100011010000000000110000000011001001000000000001010000010010110
0111100100010001000000011010010000001101000010101110100101011001111111011100101110100000101001001000001000010111011000000101000000101001001110111010011100100100010010110111100100001000000000000100100000101000011000001000
0111101000000001000000011010010101100000000111101001101111100011101000111111011001010101010000001001011000010010101000000000001000000001111101011001101100100001011000101000000000100001001000001000001100000001001101110111
1101100100110000000000000110101000000100011000111101110001100111111111100101010110000000101101100000000010000001000110101100000101110100111010100001000010101011010111000010110001000000000001010100001100000100110110000000
1000011100000000010001100001101100100000101001111111011001001011101111111011100000000000001101100110000010000100101011010100010000001110100011100010000011001101101001000100001000111011010100000001000111000000000011000000
1010111001100000000000000001110100110000001010011011111011011101101010011101001100001010000110000010010000001000100110100000101001001100100000010100011011110011111101001000000011000000000001001000111110000000101000101010
0110000100111010000000001010111000000001000100110101000111111110100011111111111110010000000011100001100000000000100101000101011011001000110000010001010011111101001000100011000000100011010010010000010010001001001000001000
0011001000100100100000101101010010100010000001110111100101111111001101111100101100000011001001001000001000100000000100110110001110100001000000100000100111101111110000000100010000100000100101000001001010000000011101001011
0101111100000010000000100110000000001110100010011110111110101000001101110011111010001000100100010000000001011001010000101001000000010101011100000100000010010010000001111111111101010100100010110111000000110000000000000101
1001111100010100000000000101001101000000001001001110111100111110110010111111000000100001001000001000011010000010010010001100101000100111001010000001101010100010000101111101011000101100000100000000111001110000001000100001
1101011000000000001000010100000010001101110010101011011100101100110011111100111101000100110101010110000000000000001001110011000100000000000011101000000001001001100110010000110100111010101101100111000000100000110100001000
1100101100010000011001000000000011011000001000001010011111101111001101111111100100000000101010100011100110100010000011000001100001101000001010101111010001110000000110000000100010101110010001000000100000001111100000101000
0011000100000010000101100000010010111110000000111101110100101101110110111111110110010010100100010001100100000100010001100010000000101000000100100010000100000100000010000110000001011111110110010000001111010101110100000000
0101001100001000000000101100101011001000010001101101011110011101111111010011101000000101000000000101010110101000100010001010011010010000011000100001100001010011000010000011110000110111111000000000000100010000010101100001
0010111100000100010000000001010000111110000011011010010110110111111111100010001100011000100110000011000000010010100000000101000010101001001001000000111001000001001100011011010000111011111000000001000011100000001100011001
1011011000000010001100000001000110000001101000000111101111110111101111000101110100100010010001011010011000100000011001000000011001001000000100011010000000101100100010101100000110101010010100010000011000100001101001110100
1110100010110000100000010000010001010001000100101110111000111011101111001011111101000000010001001000110000000000010001100010100100110000100110000001101000101000100100000000000000001001000111111010111000011101111000001011
0100110100000100110011001010001001000010000001111011011110010101011011110101111000010100000010101000100100010000000001000000110000000011110110000101100000000000001000001101001001001111000110100011000111011111000000110001
0001101100010011001100000000000100101000001100111111101011011111011011101110010000001001000000000001010110001001011000000000001001010010110000000001010010011000001001000000000101111101010111110010100100010101000010100110
1110001110001010000001101000010000000001100001100110011111100101110111101110011000000000000001100000001001101100000001011000110100000000000110100110000101010100100000000111101110000110100010101001000000011010111001001110
1111010100000010000100010010000000000001110101110001110111011001010101001111101101010000010100110001001001000000000101001000000101000010110001000001000100001000000100101000001101000100101010110110011001100111100110010110
0110010001000000100000011010100001001001110011111011111010110011110100110110110100001000000000001100000101011000100100000011000010000000000000010000111001000011110000100001101101000000101010000111110010001011011001001011
1111110101100000000010000000100000010010000110010101110101101011100111011100011000100010010010010010100000100000000000000111000011110000000000011010110000001100110110010000010011000000111001000100110011101111010110011000
0000000010111010100101000110110000001100000011011101101100101001010001000000000001111100101111111101110100000111010111111101010000101100010100011000000010110100010011110011000001000000000010011001000000000001000100000000
1100000010101100010010010000000011110000000111101000111100010000000100000100010010111100011101111111111000010100101111111111001100010000100001001000000100110000000100100000000000111101001011101110001000100000000000000110
0001010111001111010110000000000000000100001011000101110100100000001000001000000111011101011011111010011010111100011011000111011001110010000000010000001000100110110010010001001000001110000000000100110000111000011010110000
0000000110010111011001000010011000000100000111100001010110010001000001010010010011101111110110111001101101011010100101100111101101100000100001000000000100000001001000111010001000000010010100000000001111010001101100010000
0000000011100110011100000001000000101100101011011010111010000010010000010001001011110110100100101011010101111001111100101101001011110100100000000000111000010000101000000001100101001000110011000001000000010000001010001110
0101010001101100000000011100001010000100010011101001001100010000000100100010000011111011110010111111110100100000001000100000011000000110110111111101101100010000101010010001100000000010000101101001000100010000000110111000
1011000001100110001000101001001010000010000010110110000001000010100001001000000100011101110100011110111101101001110100100010101011001101100100111110110100000000000010001100010011000000110101000000011111010010100000000000
0001001011011111001000100100000100000000000111100111000001010000101000100001000000110110111010010001011111101110010000000010001100000011011001110101111110001011000001000000011000100110001101000000100010011001010100000011
1001000001010110001001000000000000011100111010111010000000101000010111010000000010011111010111100011100111010011011000100001000100101101011110101111011100000011000000000010110000000010000000010001001010100001100100001101
1111001011100011000000110000000000000000100110100100000000010000000100001100010101110111100111111010110010111010111001000011000000010010110111001011100001001001100100011000011010010000000000000010011000100101100101110001
0000100010110100110000110110000011100000000001011110100001101100101010000000000011100001000111111111001111110110000111000100000000001011001001100000000111101110010111100100101000101100000001000100100000001110000011000000
1000000010100010000000100011110000101101100010011010010000001110010101010000010011011010111011110111011001011000110011101000100000001101110001100000000001001001011101001100000001011100101000000100001101100100100100000000
0000110011111100100010000100110000010000000010010011000110000011000010010010000110110101111101110011100100111010000001000000110000001011010000000101010001011111111101011010000010000110000000100000100010101101000100111000
1000000010111110100010001000110000000001001000110110000000101101100100001100100011100000111110101110011010011001001001010100010100011001110110001000000001101111110000000010010000101011000000110111000000100000111001000100
1100000100101110010000000011001000000100101001110000000001001101000010000010110011111100111111001011101010110000000111011001000000100110110010100011000001110001111000000001101010000110000010000001001000001111000010010110
0000010001111010000000110110000110010010000010001101110100000000010101001000010111110111011110001111101001101100000001100010000001000000001101010100000010001000100111111100001111110110111100110100000000000001000000010000
0000000000110100110000011011001011001000001001101110100000110000101000001110001011111110011001110100111100111001000100000110000000100000100110001000100000100000110010111101001111001000010100000011001000000001001001110011
1000010000011000100000011000101011001001010011111110001000000100000100100000001011000110001101011011111111001001100010010010110010001100000001111000000001000000010011110000000000110001111100111111110101000010000011000000
1000110001100110010000010000000100110010100000011010001000000110000110011000000101101110111111110101011010110000101011000001011001011000001100110010000001000000100110001000110000100011100001100001110110100010000010011100
0000000000111010000100010000010110111001000101011000100110010001000011110001010011011101101110110110111111100010000000001000001010101000011001100001001101010000001000100000100000100111111000010000100001000101000110001110
1100000001111000000011000000001011010010000110111100000100000001000011000110000111010110110010111101000111110000000000110011100010100100000010001111000010110100001000110100000010010001010110011010011011001101000000101001
1000001010101010000100000001110100001001000101001110001000010010001000101101000011101111010101001111001110101000010010001000011000011000110100011000101000110000000010001001010001001001001001001010110101110000110100100011
1000000100011111000000001011010100000011000001100010000101110000101000001000110001110011001101111111010011111000000010011000101101100001001000110010000100100000010000101100000100100100101100100100101101100010011000010110
0000000011010100101101000100100011001000010001111011001010000000000011100011001010011111101010001101110011111010000100000000000000001010000000001010110100010110000010100010100101001000010111000010100111010111110101100000
1000001101011011000101000000000100000010011001111100000000001100001010100001000000100001111001100111111101111010001010010001000011110010001010000011001011100011000000000000111000110001000000010110110101000110110011100001
1000000011010010001001100010000001000001110111011110010011000000010000000000111000011011101100010101101110111000000000100000100111000101001001000100001110001110001000100100101100000000111000011100010001011010101011001101
0100001011101000010100100101000010000010100001000110000111000000100010101000100100101111011010111011111111011000000000001000010011110000001000100111100000111100100010001100100110000000110001000000000000001100010111111011
0100100011000101010010000010000001100110100010111010000010110000010000010010001001111000111111101010101111101000101000000001000000010001001000000010000000100111011000101110100100011001000010000110001110101100011001110101
0000001111011011000000101000110000001000001010100110010010000010010000100001101000111011010111011100011111110001100000000010100001010000100000000100010001010011110001011010001111010100110000100110100100010000111001100010
0010000011001001010111110000000100110000000011101101110001100100000001000000100011100001001000010000000000000011111111011110010100001010001111110110011110000100000111000111001111011111001010001000000010001000010000000010
0010101010010001101101010100010100000000000011000000101110110000001010010000000010010001111010000001000110000101111101011101100010101011001111001011111101000001000101111010111010100000000000000000100001000111100101000000
0001100000010001111110011000001000001000001010110110100011101000010000000001000010001010100001001100000000001110111100011110110111111101111110101101010000000000010011011010010111000001110000110011000000000000000010000110
0110000011000001010000111000101001100000100010100000011010010111000000110000001001011010010100000110000000011111011111001111111011011100101001110011110001000001000101101010000000110001110010000000011110000000001001000000
0011000010000011101100100001000000001101100010000110101000100000011001001101000010101011110100000000010000000111101011101011111010111111010100110011111000001000000001000101000000011100000110010000111000111101000000000001
0001000001000001001111011000000100100000111010101001101100110100000100001001000001101100110001000010000010010111110001110101011011010011100110001011011100001101101000000100100100111001000000100100000100100000000011101100
0010000000100100111100010111001010000000010001110001100011001011100000000000011011011010001000101000000100000111100011111111001111001010100000000000010111110011000110101011111111000000000011000010011010000010100000000010
1000000100000001110001100011100001011000010001001001011001001110001010100000000011100000001100100110011010000100110101111011111101111110011000110010000011110010010110000001000000010100001000001000111100100010000000110001
0000000010000010111101110110010001000000100000000001011100000101000111001110110011110000011111110010000000000110111110110011110001001011100100000001000001101101100110001000001000101111100010100000010000011011100000000000
0000000000100000101001100111010010010110010010001001111100001010110101000100000011011110100100010000100001000000011111010011101111110101100100000100001110111011101000000100100000010000000101111100001100010000100000001001
1000001000001001101111000101010100000010000011110001001101000100100100000000100011000000000001100100101010000111001111101011100110100111000010001010000011110101111000010000010110110001101110101011000001000010010000000110
1100000010101000000110000101101100000001100001000000111110001000011000100000110011001000000100100001011000100111110110010100111110110100011010100011100000010000000101101111110111000100101010000000001001100100010100000110
0000000110110100010011001000101000100000001101000100110100101101101000010000000111111000001001001000000000000111101100001001011111110000100011001000110110001100000101110111011001101000010001000101000011100000001111001000
0001000000000001111010110000001011011000000110100101110000000000100101100100001101110011010000011100100000001101110111110001101110110000000000100000000001000011110010010000011010010111111100000010111010011001010000000011
0100001100000011011001000010000000001110100110000000001100100001010110010000001111111000110000100010100010010010111111110110001011110000000000011010010011110001000000110001111000110000000011000111110010101011000000001001
1000100010010001101011001000011001000001000010000010011110000010001010000110100000010010000110000100101001001011110011111010011111100101000010100101000001000000011101011100000010000100100100101000111101011110101000101000
0000010010001000110111001000101000000001110001000111001110000101000000101010100010100100000011000110010000100101111011001100101111011000010100110101000000001100000011001111000000000011000000111001010110101000000111111001
0001000000100111001010001000001110100001000100000001101110010011101000101001000001111111000000000011011000000000111110101111110111010000010000110000000111010010001000100101110000100110000101000000111110110000001000101100
1000000010010101111011000000000000010001010101100011010011001000100100000100110001010001100001000000001001000101000110111110111001110000011011100100000110001010000100000010010100000010001101111011001010100000111100011111
0010000000101000101110001001001010000011010011010100100110000001100000110000001100001010000000000101100011100011111100111111111001110001000000000001111001001001001000000101110010110001111000010100010001001110000011001001
0000000101010011011101001010000000000010011000000001010111001011000010001001010100111010000000010010001011101001101111100101111110110000101000010101010010101000000110001000000101100000110001110100010100000010101010111000
0000000100010001110101000001010000011110001001000000110100101000101011010100000110111000100000101001101010100011010010111111100111010100001010100011101000100000110000010000000000000000110100010001101001000101011110011011
0100100110100001110010100000100000010010000100000100111010001000010000100101000101101000010001000010010010111001111010101111011111100000111100000010100000011010100000000010110000010001010001110110100100110100010011010101
0010010000000000110100110001110010011001000000010010000011100111000011011000000010000010101111000111010100000111110111000000010000000111111101111110011101110110000010101010000000001011010000010010110011100000100000000000
1101010001000000000000100101101001000100101010010000011001001110011000000000000010001110100100100100100001000001110010111000100000101011111011111111101010110110111001110000000000000000110110011001011001010000001010000100
0011010101000101100100110101000000000000010001110001000001000100001000000011010000100101011010100000000110000110011111010000000000001101110011000011111111011110101100010001001100011100000110100010110001110110000010110000
0001100000000100101010101111010001000010000010010010000101110000111000010010000000000011101111000000001001010011011001110000100010001110111100001101111100101111011000001100010000101101101000100100000001111010000000000101
0100000100100000010000111011111000000000001100100000010001011111000000000111010001011110010101101000010000001001101101100100000001011111010111001101111100111001101000001000001001001001010001100110000101010000100010000010
0101000000100011100010101010100000001001000100010001000011011001010000100011010010000101110111100001010000000001010010001000011100011111101111111101100011011010011000000001010001000110001000010011000000100101000100110101
0100100001010001010000110110000101010010000000001000010011111000011010110000000000000001101000010011001011110111100010001000000101111101010111110111101010100010000110101010110100100011111000010000000000000000011000010101
0010100000100010100001111010010100010010000000001100101000110000010001001110100010000110110001011010010000000111011001100000010000011001111010011110101100000000100010001111111011000011000000111001000100010011100001010101
1100000001110001000011011000001100000001001000101000010000101100001110000110100000000100110001101000100010000111001000011100100100100110111101101111101011000000101100010101111111001010000100000011000001000100111000101000
0110011010000001010000110000000010100101000111000000010011010100000100010000010001010101011100010101000001000110100000000100000100001110111010111100101111001000001101110000001000111010011101011111000001000100101111010000
0101000000000001010000111000001010101101100000100010000001101100100111100000100000000111101100100111001000100101110010001010111100101100011011010111000101000000010011000100100000000110100101000001101110001100010110001010
0110010001001011000000001010100100000111000010000001001001110011000000001000001110100111000000010110011000000100110010000001011001001100011101101110111010100000010011100001000001100010001111011101110110001011011000010000
1101001000000000001011001000100011001000001110000000001101110000000110001000000111000110110001001100110100000011001000010101000000001101110111010110110100110100010010110000010011101000011001001111000001100011100101100100
0100011001001000010011101000000010010010001010000010010111000010010010000010100000000111100010010000100001101101000000100000110101001101111111111001011110110010000001001100001011000110000001111111000010001000100000101011
1110000101000001000001100001100100010010100000100000001001100100000011001000100100000010110000100010101110110110111010011001000000111110001110111000110100010100100000100110100110010000010110000000101111100111010001010100
0101000001011000000100011100001001000000111000100000000100011001001010100111010000000101110010100001100010100011111001001000110011100111111010100100111000101001000101001000000000100101100010110000011000001101000110101011
0110000011100100100000101101100001000010000001000000011000010000101000110110001100001111010000001000010100100010110000001100000010110111111111011011011000001000100100000001010001101000111111000001000001010111011101010001
0010000101011100001000001001100000011000011010100010000001100011000010010001001100001011100010000000000100001111111100000101000011001011100000011111101100011001000101000011000111111100011011100100100010101011000000001010
0010010001001000000100010001010100010101011011001000110000110010001000010100001000101101100000000001010011000110011000100000000010101111101111010101110100100011101000000001101000001011001000011100110001011000111010001011
0011000100000100000001111000010010110000010101100000100101110000100001000000110001010111101000000001001101000110001100100100001100001011100101101110011000010110000000100110101000000100000001101100101111110010100111001110
0000001001110011000001100110000100100010000100011101000001001111111000000001000010000001001000010000100011000100000110110101001101000110011011010100000001111110001101110101011101110000000111011011010010000000001000101001
0010001000100011100000111000010010101001000000010000000010000111100110110000101000000000011111100111000010001010100111010011101010001010010011100000000010010011111100010001111010110110100000000011110000000110101001101000
0100001000001000010100000111010011000110001000000000000101111011101010001100000011100000001001101000111010110000000111110001000001101101101000011101001010010111010010101000000000101001000011011110011000001000111000100011
0100001100101000000000100101110010011000000100000000001111000011010010100001100011001100000010100001110100101000000110111001001000011110110000001110010111100110101000110011100110010100010011101010100000110000000000101110
0000000010110000101000100111100000000001110100000111000001001101100100001101010100000001011111010000000001100000011001100100010111010011110001000001110010000101101101000100000100111000011101110100000000101101000111011001
0001000011000000000111100100110001100000100100010101000101100101100001001000100110100000001011000000100101110100001001010100010000001111000000001010000110111010111010110110000100001001110010001000010011111000011111101100
0001010001000100100010100100100011010000011000010001110010001010111000100000001000100001101011000000000111011000000110100010001100011111011000000100001111110101110000100010111000000110000000010110111010110000111001100101
0000001000001000001000000111111100000100111010100001000000011111100100110000001000010001110111100000000010011010101101110011000010000001100000000001011001101010111001001010111010110011001000000100001110001001110101000011
0000010001100000100000110101110100010000101000000001111000000110100100001100101100101100010011111010000000101000001001110010000000110110100110000010101001011111011000010000101110000010110100100001100000010001011011011110
0001100000000001100010001010110001101100001010010001100001111010100000000000001110100000001111101100001000011001000010010010100000100101010000111000000001100111101011010000000011000100101000001101101100001111011111110110
0000100000100001001010000011011100100101000110011001000011010111000000010011000000011100000110100001100001010000001000110000101010000111110011000000001011011101110000010101100110011011011100001000000101011100001010111100
1010100011110100000000010100000001110000010000001000010000001010001110010100010101000000011110010010000000000110100111001100100101000010001011000001110011001000000011011011010111111100101011101000011000100110101100111000
0001100000000000011100010110001011001100010000001101000001101000000111101000000110100110001000011110010100100101000111000010010001001000001100111000000000100100010100011011110111001011111001001000010100011010110110110000
0000111010011000000000000100101100100100101010000110101000001110011000000001000010000001001110010100000000001111110000001100110000000100000001110101010010001001010100111110001011110100000111111101101110001101000111000010
0100010000010000000000010110101111000001100100000000101110110001011000001000011011010000001000011101101101010010100100001101001000001100001001011010000110110110000001011110101100100000010110010110111011100001001001000100
0001111100010001000000010100011000001100000110000100000100100000011100010000000110110100010010011100100000001011000000010111100000100110000011001000000011010100111111101011011110010000110100101011110001110000001110111000
0000111000000000010100010111011100000010100000000010000110010010011000011010010000010010010110011010011000111011100101001000110001001001101100000101000000100001000111110110011111000001100000100010011111100000100100110011
0000000000100000000011101011001110100011100000001110100100100100111001001010100000000010001100011000101001110100011000101100111010000001000110100110000110001100001001101001101111011100000100000100001111101100000001101001
0010100110011100000000000100111000010100010000100100000010101001010001110000100010010000100011000000000100011111100100001100010100011000001100000010010100010111000111111001110110010011010010111000001110110000111101010100
0010000100101110000000001011001000001101010001001100000000100001011000110010101010101100000000101000010000000100010110001101011010000010010110010000111011010000001110010110111111011110001010001001010000111010001000111001
0100100000100000001000010110001110000101110000001000101010101000010110100000101000001100101000100011000111110010001100101001001010010000001110100010001101010011101010100111011110000010000001000100100100011110110011001100
1001101000100110001010000100001100000010000100010100000000001000111100110000000100000011110001000010010010000011000100011111001110010001011110001000100011000011000110011011101011100011101001000011010011110010110100000101
0000011100000010010001110010001100000000101101000100110000000100011000000010111000110001011000111000000011001110000101000111000000000010100111000100001111000011100001111101110011000110000000000111110011011011100011000011
0000000001010001001100010111000100001001110000101011000011100000010100001001111000001000000000011000001101111101001100011000000101000010001010000010010010011100101110111111100011011000111110100010000000100000011000111110
1010101000101000001010000001001110010000001010000100100011000010000010001000100100000010010010111000100000101111000100011010100010000000000110001110010001010001111111011111111101010110011000001000001000001111100001110110
0000000001100010000111001010100100101010001000011001110000001010010001000011011110001010000100011000010100001101000100001100000001000000110110011100110010000000010111001101011110001100101011000111000111000111110100100010
0000001000011110001000001100000111100010001000000000001100010101101110111001000001000001001001010111001010000010101001010101001011000001001001011001110011101001000101100000010000011111111111110101000000000011001001000100
0010001100001001000000100001000010111110010010101100000000000100010101110001000001000000010100010100100010011100111010110011000010010010000001000010010011011001001101010111000110101101011110111110001100100100000001110001
0000000010000100011110000001000011101101001000001010010000100100001111011111000001101000001101001000010100010100011001000100000000001011100011001000111000101100001110000101000101110111011111000110000001111100111000100000
0001000100001110000010101000000011111000001000000000110100000000011011100011110001100001001110110001001000001100010011001010101000000011010000100101010101010010010101000101001011111010101010100100101000111111000000100110
0000010000001110011010000000001110010101001000000001010010000101000111111010100000110101100011110011000000000100000001000010011100001000011111110100001001000011101010000011111010101101011100010001000010011001111000010100
0000100000001000010110010000011101110010000100111100000000010101000001110111000001000000000001000111110010010101101001010010010010011001101100000001001000100101001010001010010000111010111010111010010111011000010010000111
0001000001000010000100111100010001101010100000010000010100000000110101110000111100001010000100010111001001101001100001011010100011100101001000100001100001000100110110011000010101100101011010100001010001010010011110001110
0000000100010000011000100001101011011000001100000100010011000101000011111001000100011010000000011101100101101001100000000110000011111100101001001010110000011100101010110010000110111011101100010000000001010001001011010100
1000000000001000001010000011100101011001010111001001010001010000000100110000011101000001000100010101011001000100000010011010000110000001011001011000111000001001011110000001010111111111110000001100000001101011010100010111
0000010000010101101000000101001110000111000000100011001000000100101101001111000000010111000000011100101100000000010000110010101100100110000011110010100010001000101001110100000100111010010011110011101111010101011000010000
0110000011001110000100000100000001100110100000110000001000000001010001000111111011001000000000100000100100010100110101011001000000000110000000010011110010110100000101100011000101111101100101111011011010011111011000000110
0100101010100100011000000100000010100110000100000010001001001010100110000101000101001111001000000010010100100000000100100101001101010000100001111100110110111000000111000000110001101000000110101111100110011110110110001010
0000110100011100100000011100010000010010010000100010001100000000010100000111110001000100000011010110001000001001001001110000110101010011100100000101010100011000100101011010000100110101100111011111100100110010000010011110
0010010000011010100100000000000010010111011000010100100010001001010001001101010010000000100001010101100011000001010000100000010111111100011101010101001010101010000001100010000000110011010110101111011000000101101011010101
1010101010001000000001000000010001110100010111001100001001010010000000000100100011000100000000000100110001000100000010110000110100000100000101011100001110110100011111010011000010010001001011110001011100011010101111111111
0100010100001000000010001010100010000111011010000000110100101000010100000000011101100000001101010100001011011000001000100101000011010001100001011100011100101011010001100100101001111100001001110010100101101110110011000000
0100011000000001110110010000000010001011000100110010000010000000010100000111011001000000010001001100110110011001000100010011000100011010110011001100000011110010000000111000011101011001000111110101110011100100110000100011
0000011000000110110001001000000000101110101001010010001000000100110100010010101010001100100001101110000000000001000000010101010100100100010111111100100011000000110001010001011001100010100111111010000010000011001111011111
0000110100010001100000010000110100011001000100000010101000100010001010000101001100100001001010000111011110001010010010000011101000111010000000110010011101010010110001110000101000000100000101100110010111111111010010001010
1011010001000010000100010000001001000001110100010100000000000011001000001100011100100010010000000110110011000000110111000011111011001110000000010001001011100110000110111001011000000001100010011010101011111010101010101001
1011000000000100000000000001001011110100111000100000100000011010101001001100010001010010110100101000101000010000110110101010101100100100000000100011000100100011010101101110000010010100000110011000010110100101101101110111
0000100100000001000001001010111100100110010000101001001000011110000001100011000000010110000100000110011110011000101010100000111001010000100100110010000100000001011011001110100001010001000101101100101011010110110111110000
0000010001000100010011000000101100110010100100110011000000000111100001010010001100010011100010000010100100010100100100000111011100001000000000110110010110000111000001101110011001000011000111000011111101101001010100001011
1000010100000000000111000001111100000011000101010000010100000100001001010010010100010010000100000101111111000010000000011100100010101111100011001010101100000100001000111100011001001001111100000110110110110110110110000000
1001010100000100000010000001100000011001110100000010000100100000011100011000010101100000110111000010011000010000011010001101011100011011010000001010010100011110000100111111010100011100001000100110111011000000000100111101
0001100110000110001000100100011001000100000100000100011000000000011001100111100000111111000000000000010101001000010001100010101000010111100100000000101100010110101010010011111000001111110111101000110101001010111010000100
0100100010001000011010000010001001000101100110000110000001100001000010000110101100100001001010100000100001110100010001000011110010000001000000110101011000101101011011000101101010001111001011001100110010010111010010001011
0110100010100001100110000000000010100111000000010000100010001000000011000111010100000000011110100001100110110010010000001000100010110010010011100011100001001000011101000100100011011100000111010110101101001011110111110000
1010100100000110101001001010000001000010010001010000001001000000000010000010111100000010001000100110001111000010000111010001100011000011000100011010110101000000010110000001111011100100101011101101110101011101100011010100
0000000000010010101001000010100101011000101100000001101000010001000011001111011110010001110010111001100100000010010001000011000000100000010100011011110000001001110001100000001011100110011110010001101010001110000101010111
1010001010000010001101000000010010000101011000000000010010001010000111001100110000010010110101000000010111001010000101100000100101001000100111001100001101100011000110001010111011001010000001011110011101010110011101100000
0100000011001001000110000100110100000111000000100001010000101000100101100100101100100001000001000000011110111100000000011010000100110000001010110010101000100111110010000010110101001011101111000110100111011100101100000010
0010000011010111000000001000010001100101001000000000010010110011101000011100101000111000000001001000001001011000100000000100101101100100001011010000101011100110111100110011000100101010110110011001011000010000110001111100
0001001010000000000101000100110000101100110101000001000100011000100101110000010110010101110110000001010100100010000000001100010100100000010001101001100100001101010111011010010001000000101001001001001111100101110011111011
0001110100000000010100010000001000100100111101010100100001001100000000000001010100101100001000100111000011100001001000000100010011110110100001100001001100001100111011010000101000000001110001111101110101011110000101011110
0010001010000000100001101000100011100000111001000100101010010100100000101000101000000000011001001100000111111010101000000100010010010000000101001010100101001111110001100110101010110000010000011101001100000111101110110101
0001001001000001000111001000000011101000011000001001000110010010001010101011000000100100010010001000110110111000001010000000111001000010010010001101000011110110011110011101000111011100000000001010011100100100101101011001
0010110100000101110000000011000000010110010001000001000011010000000000011010010100110100010010111010001000110000000010000000010101110010011101010010100000001000111110011011000110010010011100111001001100100111001111100101
0000000001110000000001011000010000111001110100001010000100100011100110010100101100001100100010000011100001100000001000100101111111100000000010100101011111011100101100010101100100000000100001101001110010101000001110100011
1001100000000110001010000000000101110000101100010000101011010000010000001001110001001000100001100011001001010001001000011000001100010101011100001010000100010110111000100010110110100111111010111001001000110011001011010010
0000001000001000010100010001010100111000101101100010100001010010100000000101111001001001000000101001011000101101000100011010000100100000100000100101011100110001110001001000001111000101101011101011101010001001010110001101
0000001000000000110001100011000001011010110101001110000000010000111000110110001000000001110000001000110011110000010010100011010110110001011100000101101010101011000000001101011000010001001000011011011010101001000101111010
