000000000000000001000010000000010000000011011001001110000000001010101010000011011000001000000011110001010011010001011101111011010111111000110011011011111011111101000000010010011001000101011000011101011110111011111011001011010001111111110011111
000000000000000100000001000000001000000101101100100011000000100001110001000101101000100000000101011100001101001100101110111101001111111000011101101101111101111110000000001001101100000110101000101110101011111101111101100101001100111111011101111
000000000000000010000100000000100000000110110010010101000000010100011100000110110000010000000110101010100110100010110011111110100111111000101110110110111110111011000000100100110010000011110000110011110101111110111110010110100010111111101110111
000000000001000000000000010000000010011000011110001001001000000010010101011000011000000001110000011011001010011010001011101111111010111011000110111011011101011111010000000001010011011000101101000011111011110011011111010001011111001111111110011
000000000100000000000000001000000001101000101011100100100000000001001110101000101000000100011000101101100001101001100101110111111001111101000011111101101110101111001000000100001101101000110110000101111101011101101111001100101111100111111011101
000000000010000000000000100000000100110000110101010010010000000100100011110000110000000010101000110110010100110100010110011111111100111110000101111110110011110111100000000010100110110000011011000110111110101110110111100010110111010111111101110
000000000000001000010000000010000000011011000001110001000001000101010010011011000001000000011110000010011001001011010111011101111111010110011000011111011111101011000010000011001010101011000011101000110111011111011011011010001111111001011111110
000000000000100000001000000001000000101101000100011100000100000110001001101101000100000000101011000001101100100101001111101110111111001011101000101111101111110101000001000101100001110101000101110000011111101111101101101001100111111100101111011
000000000000010000100000000100000000110110000010101010000010000011100100110110000010000000110101000100110010010110100111110011111111100101110000110111110111011110000100000110010100011110000110011000101111110111110110110100010111111010110111101
000010000000000000000000001001001110000010000000011011000011011000000001010101010001010011000001000000011110010111111010001011101111011011111101000110011011011111000101011000000010010011001011111011000011101011110111110011111001011010001111111
000001000000000000000000100100100011000001000000101101000101101000000100001110001100001101000100000000101011001111111001100101110111101101111110000011101101101111000110101000000001001101100101111101000101110101011111011101111100101001100111111
000100000000000000000000010010010101000100000000110110000110110000000010100011100010100110000010000000110101100111111100010110011111110110111011000101110110110111000011110000000100100110010110111110000110011110101111101110111010110100010111111
000000010000000000001000000110001001000000010011000011011000011001000000010010101011001010000000001110000011111010111011010001011101111101011111011000110111011011011000101010000000001010011011011111101000011111011110111110011010001011111001111
000000001000000000100000000011100100000000001101000101101000101100000000001001110101100001000000100011000101111001111101001100101110111110101111101000011111101101101000110001000000100001101101101111110000101111101011111011101001100101111100111
000000100000000000010000000101010010000000100110000110110000110010000000100100011110010100000000010101000110111100111110100010110011111011110111110000101111110110110000011100000000010100110110110111011000110111110101111101110100010110111010111
010000000000000000000001000001110001010000000011011000011011000000001000101010010010011001001000000011110000111111010001011010111011101111101011110011000011111011101011000000010000011001010111011011011101000110111011011111110011010001111111001
001000000000000000000100000100011100001000000101101000101101000000100000110001001001101100100000000101011000111111001100101001111101110111110101011101000101111101110101000000001000101100001111101101101110000011111101101111011101001100111111100
100000000000000000000010000010101010100000000110110000110110000000010000011100100100110010010000000110101000111111100010110100111110011111011110101110000110111110011110000000100000110010100111110110110011000101111110110111101110100010111111010
000000001000010000000000000000011011001001110000010000010101010000011011000000001000011110001010011000001000101111011010111111010001011011011111011111101000110011010011001000101011000000010011110111011111011000011101001111111110011111001011010
000000100000001000000000000000101101100100011000001000001110001000101101000000100000101011100001101000100000110111101001111111001100101101101111101111110000011101001101100000110101000000001101011111101111101000101110100111111011101111100101001
000000010000100000000000000000110110010010101000100000100011100000110110000000010000110101010100110000010000011111110100111111100010110110110111110111011000101110100110010000011110000000100110101111110111110000110011010111111101110111010110100
001000000000000010000000000011000011110001001000000010010010101011000011001000000110000011011001010000000001011101111111010111011010001111011011101011111011000110001010011011000101010000000111011110011011111101000011111001111111110011010001011
100000000000000001000000000101000101011100100000000001001001110101000101100000000011000101101100001000000100101110111111001111101001100111101101110101111101000011100001101101000110001000000111101011101101111110000101111100111111011101001100101
010000000000000100000000000110000110101010010000000100100100011110000110010000000101000110110010100000000010110011111111100111110100010111110110011110111110000101010100110110000011100000000111110101110110111011000110111010111111101110100010110
000001000010000000000000000011011000001110001010000000101010010011011000000001000011110000010011001001000000111011101111111010001011010011111011111101011110011000011001010101011000000010000110111011111011011011101000111111001011111110011010001
000100000001000000000000000101101000100011100001000000110001001101101000000100000101011000001101100100000000111101110111111001100101001101111101111110101011101000101100001110101000000001000011111101111101101101110000111111100101111011101001100
000010000100000000000000000110110000010101010100000000011100100110110000000010000110101000100110010010000000111110011111111100010110100110111110111011110101110000110010100011110000000100000101111110111110110110011000111111010110111101110100010
000000001010101010000011011000000000000000001000010000000010000000011011001001110000110011011011111011111101000001000000011110001010011010001011101111011010111111001011010001111111110011111000000010010011001000101011000011101011110111011111011
000000100001110001000101101000000000000000100000001000000001000000101101100100011000011101101101111101111110000100000000101011100001101001100101110111101001111111100101001100111111011101111000000001001101100000110101000101110101011111101111101
000000010100011100000110110000000000000000010000100000000100000000110110010010101000101110110110111110111011000010000000110101010100110100010110011111110100111111010110100010111111101110111000000100100110010000011110000110011110101111110111110
001000000010010101011000011000000000001000000000000010000000010011000011110001001011000110111011011101011111000000001110000011011001010011010001011101111111010111010001011111001111111110011010000000001010011011000101101000011111011110011011111
100000000001001110101000101000000000100000000000000001000000001101000101011100100101000011111101101110101111000000100011000101101100001101001100101110111111001111001100101111100111111011101001000000100001101101000110110000101111101011101101111
010000000100100011110000110000000000010000000000000100000000100110000110101010010110000101111110110011110111000000010101000110110010100110100010110011111111100111100010110111010111111101110100000000010100110110000011011000110111110101110110111
000001000101010010011011000000000000000001000010000000010000000011011000001110001110011000011111011111101011001000000011110000010011001001011010111011101111111010011010001111111001011111110000010000011001010101011000011101000110111011111011011
000100000110001001101101000000000000000100000001000000001000000101101000100011100011101000101111101111110101100000000101011000001101100100101001111101110111111001101001100111111100101111011000001000101100001110101000101110000011111101111101101
000010000011100100110110000000000000000010000100000000100000000110110000010101010101110000110111110111011110010000000110101000100110010010110100111110011111111100110100010111111010110111101000100000110010100011110000110011000101111110111110110
000011011000000001010101010000010000000000000000000001001001110000010000000011011011111101000110011011011111001010011000001000000011110010111111010001011101111011110011111001011010001111111000101011000000010010011001011111011000011101011110111
000101101000000100001110001000001000000000000000000100100100011000001000000101101101111110000011101101101111100001101000100000000101011001111111001100101110111101011101111100101001100111111000110101000000001001101100101111101000101110101011111
000110110000000010100011100000100000000000000000000010010010101000100000000110110110111011000101110110110111010100110000010000000110101100111111100010110011111110101110111010110100010111111000011110000000100100110010110111110000110011110101111
011000011001000000010010101000000010000000000001000000110001001000000010011000011101011111011000110111011011011001010000000001110000011111010111011010001011101111111110011010001011111001111011000101010000000001010011011011111101000011111011110
101000101100000000001001110000000001000000000100000000011100100000000001101000101110101111101000011111101101101100001000000100011000101111001111101001100101110111111011101001100101111100111101000110001000000100001101101101111110000101111101011
110000110010000000100100011000000100000000000010000000101010010000000100110000110011110111110000101111110110110010100000000010101000110111100111110100010110011111111101110100010110111010111110000011100000000010100110110110111011000110111110101
011011000000001000101010010010000000000000000000001000001110001010000000011011000111101011110011000011111011010011001001000000011110000111111010001011010111011101011111110011010001111111001101011000000010000011001010111011011011101000110111011
101101000000100000110001001001000000000000000000100000100011100001000000101101000111110101011101000101111101001101100100000000101011000111111001100101001111101110101111011101001100111111100110101000000001000101100001111101101101110000011111101
110110000000010000011100100100000000000000000000010000010101010100000000110110000111011110101110000110111110100110010010000000110101000111111100010110100111110011110111101110100010111111010011110000000100000110010100111110110110011000101111110
010101010000011011000000001000000001000010000000000000000011011001001110000010000011011111011111101000110011000011110001010011000001000101111011010111111010001011001111111110011111001011010010011001000101011000000010011110111011111011000011101
001110001000101101000000100000000100000001000000000000000101101100100011000001000101101111101111110000011101000101011100001101000100000110111101001111111001100101100111111011101111100101001001101100000110101000000001101011111101111101000101110
100011100000110110000000010000000010000100000000000000000110110010010101000100000110110111110111011000101110000110101010100110000010000011111110100111111100010110010111111101110111010110100100110010000011110000000100110101111110111110000110011
010010101011000011001000000001000000000000010000000000011000011110001001000000010111011011101011111011000110110000011011001010000000001011101111111010111011010001111001111111110011010001011001010011011000101010000000111011110011011111101000011
001001110101000101100000000100000000000000001000000000101000101011100100000000001111101101110101111101000011011000101101100001000000100101110111111001111101001100111100111111011101001100101100001101101000110001000000111101011101101111110000101
100100011110000110010000000010000000000000100000000000110000110101010010000000100111110110011110111110000101101000110110010100000000010110011111111100111110100010111010111111101110100010110010100110110000011100000000111110101110110111011000110
101010010011011000000001000000001000010000000000000000011011000001110001010000000011111011111101011110011000011110000010011001001000000111011101111111010001011010111111001011111110011010001011001010101011000000010000110111011111011011011101000
110001001101101000000100000000100000001000000000000000101101000100011100001000000101111101111110101011101000101011000001101100100000000111101110111111001100101001111111100101111011101001100101100001110101000000001000011111101111101101101110000
011100100110110000000010000000010000100000000000000000110110000010101010100000000110111110111011110101110000110101000100110010010000000111110011111111100010110100111111010110111101110100010110010100011110000000100000101111110111110110110011000
000010000000011011001001110000000001010101010000011011000000000000000001000010000010001011101111011010111111000110011011011111011111101000001000000011110001010011000011101011110111011111011001011010001111111110011111000000010010011001000101011
000001000000101101100100011000000100001110001000101101000000000000000100000001000001100101110111101001111111000011101101101111101111110000100000000101011100001101000101110101011111101111101100101001100111111011101111000000001001101100000110101
000100000000110110010010101000000010100011100000110110000000000000000010000100000100010110011111110100111111000101110110110111110111011000010000000110101010100110000110011110101111110111110010110100010111111101110111000000100100110010000011110
000000010011000011110001001001000000010010101011000011000000000001000000000000010011010001011101111111010111011000110111011011101011111000000001110000011011001010101000011111011110011011111010001011111001111111110011010000000001010011011000101
000000001101000101011100100100000000001001110101000101000000000100000000000000001101001100101110111111001111101000011111101101110101111000000100011000101101100001110000101111101011101101111001100101111100111111011101001000000100001101101000110
000000100110000110101010010010000000100100011110000110000000000010000000000000100110100010110011111111100111110000101111110110011110111000000010101000110110010100011000110111110101110110111100010110111010111111101110100000000010100110110000011
010000000011011000001110001000001000101010010011011000000000000000001000010000000001011010111011101111111010110011000011111011111101011001000000011110000010011001011101000110111011111011011011010001111111001011111110000010000011001010101011000
001000000101101000100011100000100000110001001101101000000000000000100000001000000100101001111101110111111001011101000101111101111110101100000000101011000001101100101110000011111101111101101101001100111111100101111011000001000101100001110101000
100000000110110000010101010000010000011100100110110000000000000000010000100000000010110100111110011111111100101110000110111110111011110010000000110101000100110010110011000101111110111110110110100010111111010110111101000100000110010100011110000
001001110000010000000011011000011011000000001010101010000010000000000000000000001010111111010001011101111011011111101000110011011011111001010011000001000000011110011111011000011101011110111110011111001011010001111111000101011000000010010011001
100100011000001000000101101000101101000000100001110001000001000000000000000000100001111111001100101110111101101111110000011101101101111100001101000100000000101011101111101000101110101011111011101111100101001100111111000110101000000001001101100
010010101000100000000110110000110110000000010100011100000100000000000000000000010100111111100010110011111110110111011000101110110110111010100110000010000000110101110111110000110011110101111101110111010110100010111111000011110000000100100110010
110001001000000010011000011011000011001000000010010101000000010000000000001000000111010111011010001011101111101011111011000110111011011011001010000000001110000011011011111101000011111011110111110011010001011111001111011000101010000000001010011
011100100000000001101000101101000101100000000001001110000000001000000000100000000111001111101001100101110111110101111101000011111101101101100001000000100011000101101101111110000101111101011111011101001100101111100111101000110001000000100001101
101010010000000100110000110110000110010000000100100011000000100000000000010000000111100111110100010110011111011110111110000101111110110110010100000000010101000110110110111011000110111110101111101110100010110111010111110000011100000000010100110
001110001010000000011011000011011000000001000101010010010000000000000000000001000111111010001011010111011101111101011110011000011111011010011001001000000011110000111011011011101000110111011011111110011010001111111001101011000000010000011001010
100011100001000000101101000101101000000100000110001001001000000000000000000100000111111001100101001111101110111110101011101000101111101001101100100000000101011000111101101101110000011111101101111011101001100111111100110101000000001000101100001
010101010100000000110110000110110000000010000011100100100000000000000000000010000111111100010110100111110011111011110101110000110111110100110010010000000110101000111110110110011000101111110110111101110100010111111010011110000000100000110010100
000011011001001110000010000010101010000011011000000001000000001000010000000000000101111011010111111010001011011011111011111101000110011000011110001010011000001000011110111011111011000011101001111111110011111001011010010011001000101011000000010
000101101100100011000001000001110001000101101000000100000000100000001000000000000110111101001111111001100101101101111101111110000011101000101011100001101000100000101011111101111101000101110100111111011101111100101001001101100000110101000000001
000110110010010101000100000100011100000110110000000010000000010000100000000000000011111110100111111100010110110110111110111011000101110000110101010100110000010000110101111110111110000110011010111111101110111010110100100110010000011110000000100
011000011110001001000000010010010101011000011001000000001000000000000010000000000011101111111010111011010001111011011101011111011000110110000011011001010000000001111011110011011111101000011111001111111110011010001011001010011011000101010000000
101000101011100100000000001001001110101000101100000000100000000000000001000000000101110111111001111101001100111101101110101111101000011011000101101100001000000100111101011101101111110000101111100111111011101001100101100001101101000110001000000
110000110101010010000000100100100011110000110010000000010000000000000100000000000110011111111100111110100010111110110011110111110000101101000110110010100000000010111110101110110111011000110111010111111101110100010110010100110110000011100000000
011011000001110001010000000101010010011011000000001000000001000010000000000000000111011101111111010001011010011111011111101011110011000011110000010011001001000000110111011111011011011101000111111001011111110011010001011001010101011000000010000
101101000100011100001000000110001001101101000000100000000100000001000000000000000111101110111111001100101001101111101111110101011101000101011000001101100100000000011111101111101101101110000111111100101111011101001100101100001110101000000001000
110110000010101010100000000011100100110110000000010000000010000100000000000000000111110011111111100010110100110111110111011110101110000110101000100110010010000000101111110111110110110011000111111010110111101110100010110010100011110000000100000
000000010010011001000101011000011101011110111011111011001011010001111111110011111000000000000000001000010000000010000000011011001001110000000001010101010000011011000001000000011110001010011010001011101111011010111111000110011011011111011111101
000000001001101100000110101000101110101011111101111101100101001100111111011101111000000000000000100000001000000001000000101101100100011000000100001110001000101101000100000000101011100001101001100101110111101001111111000011101101101111101111110
000000100100110010000011110000110011110101111110111110010110100010111111101110111000000000000000010000100000000100000000110110010010101000000010100011100000110110000010000000110101010100110100010110011111110100111111000101110110110111110111011
010000000001010011011000101101000011111011110011011111010001011111001111111110011000000000001000000000000010000000010011000011110001001001000000010010101011000011000000001110000011011001010011010001011101111111010111011000110111011011101011111
001000000100001101101000110110000101111101011101101111001100101111100111111011101000000000100000000000000001000000001101000101011100100100000000001001110101000101000000100011000101101100001101001100101110111111001111101000011111101101110101111
100000000010100110110000011011000110111110101110110111100010110111010111111101110000000000010000000000000100000000100110000110101010010010000000100100011110000110000000010101000110110010100110100010110011111111100111110000101111110110011110111
000010000011001010101011000011101000110111011111011011011010001111111001011111110000000000000001000010000000010000000011011000001110001000001000101010010011011000001000000011110000010011001001011010111011101111111010110011000011111011111101011
000001000101100001110101000101110000011111101111101101101001100111111100101111011000000000000100000001000000001000000101101000100011100000100000110001001101101000100000000101011000001101100100101001111101110111111001011101000101111101111110101
000100000110010100011110000110011000101111110111110110110100010111111010110111101000000000000010000100000000100000000110110000010101010000010000011100100110110000010000000110101000100110010010110100111110011111111100101110000110111110111011110
000101011000000010010011001011111011000011101011110111110011111001011010001111111000010000000000000000000001001001110000010000000011011000011011000000001010101010001010011000001000000011110010111111010001011101111011011111101000110011011011111
000110101000000001001101100101111101000101110101011111011101111100101001100111111000001000000000000000000100100100011000001000000101101000101101000000100001110001100001101000100000000101011001111111001100101110111101101111110000011101101101111
000011110000000100100110010110111110000110011110101111101110111010110100010111111000100000000000000000000010010010101000100000000110110000110110000000010100011100010100110000010000000110101100111111100010110011111110110111011000101110110110111
011000101010000000001010011011011111101000011111011110111110011010001011111001111000000010000000000001000000110001001000000010011000011011000011001000000010010101011001010000000001110000011111010111011010001011101111101011111011000110111011011
101000110001000000100001101101101111110000101111101011111011101001100101111100111000000001000000000100000000011100100000000001101000101101000101100000000001001110101100001000000100011000101111001111101001100101110111110101111101000011111101101
110000011100000000010100110110110111011000110111110101111101110100010110111010111000000100000000000010000000101010010000000100110000110110000110010000000100100011110010100000000010101000110111100111110100010110011111011110111110000101111110110
101011000000010000011001010111011011011101000110111011011111110011010001111111001010000000000000000000001000001110001010000000011011000011011000000001000101010010010011001001000000011110000111111010001011010111011101111101011110011000011111011
110101000000001000101100001111101101101110000011111101101111011101001100111111100001000000000000000000100000100011100001000000101101000101101000000100000110001001001101100100000000101011000111111001100101001111101110111110101011101000101111101
011110000000100000110010100111110110110011000101111110110111101110100010111111010100000000000000000000010000010101010100000000110110000110110000000010000011100100100110010010000000110101000111111100010110100111110011111011110101110000110111110
010011001000101011000000010011110111011111011000011101001111111110011111001011010000000001000010000000000000000011011001001110000010000010101010000011011000000001000011110001010011000001000101111011010111111010001011011011111011111101000110011
001101100000110101000000001101011111101111101000101110100111111011101111100101001000000100000001000000000000000101101100100011000001000001110001000101101000000100000101011100001101000100000110111101001111111001100101101101111101111110000011101
100110010000011110000000100110101111110111110000110011010111111101110111010110100000000010000100000000000000000110110010010101000100000100011100000110110000000010000110101010100110000010000011111110100111111100010110110110111110111011000101110
001010011011000101010000000111011110011011111101000011111001111111110011010001011001000000000000010000000000011000011110001001000000010010010101011000011001000000110000011011001010000000001011101111111010111011010001111011011101011111011000110
100001101101000110001000000111101011101101111110000101111100111111011101001100101100000000000000001000000000101000101011100100000000001001001110101000101100000000011000101101100001000000100101110111111001111101001100111101101110101111101000011
010100110110000011100000000111110101110110111011000110111010111111101110100010110010000000000000100000000000110000110101010010000000100100100011110000110010000000101000110110010100000000010110011111111100111110100010111110110011110111110000101
011001010101011000000010000110111011111011011011101000111111001011111110011010001000001000010000000000000000011011000001110001010000000101010010011011000000001000011110000010011001001000000111011101111111010001011010011111011111101011110011000
101100001110101000000001000011111101111101101101110000111111100101111011101001100000100000001000000000000000101101000100011100001000000110001001101101000000100000101011000001101100100000000111101110111111001100101001101111101111110101011101000
110010100011110000000100000101111110111110110110011000111111010110111101110100010000010000100000000000000000110110000010101010100000000011100100110110000000010000110101000100110010010000000111110011111111100010110100110111110111011110101110000
001011010001111111110011111000000010010011001000101011000011101011110111011111011000000001010101010000011011000000000000000001000010000000010000000011011001001110000110011011011111011111101000001000000011110001010011010001011101111011010111111
100101001100111111011101111000000001001101100000110101000101110101011111101111101000000100001110001000101101000000000000000100000001000000001000000101101100100011000011101101101111101111110000100000000101011100001101001100101110111101001111111
010110100010111111101110111000000100100110010000011110000110011110101111110111110000000010100011100000110110000000000000000010000100000000100000000110110010010101000101110110110111110111011000010000000110101010100110100010110011111110100111111
010001011111001111111110011010000000001010011011000101101000011111011110011011111001000000010010101011000011000000000001000000000000010000000010011000011110001001011000110111011011101011111000000001110000011011001010011010001011101111111010111
001100101111100111111011101001000000100001101101000110110000101111101011101101111100000000001001110101000101000000000100000000000000001000000001101000101011100100101000011111101101110101111000000100011000101101100001101001100101110111111001111
100010110111010111111101110100000000010100110110000011011000110111110101110110111010000000100100011110000110000000000010000000000000100000000100110000110101010010110000101111110110011110111000000010101000110110010100110100010110011111111100111
011010001111111001011111110000010000011001010101011000011101000110111011111011011000001000101010010011011000000000000000001000010000000010000000011011000001110001110011000011111011111101011001000000011110000010011001001011010111011101111111010
101001100111111100101111011000001000101100001110101000101110000011111101111101101000100000110001001101101000000000000000100000001000000001000000101101000100011100011101000101111101111110101100000000101011000001101100100101001111101110111111001
110100010111111010110111101000100000110010100011110000110011000101111110111110110000010000011100100110110000000000000000010000100000000100000000110110000010101010101110000110111110111011110010000000110101000100110010010110100111110011111111100
110011111001011010001111111000101011000000010010011001011111011000011101011110111000011011000000001010101010000010000000000000000000001001001110000010000000011011011111101000110011011011111001010011000001000000011110010111111010001011101111011
011101111100101001100111111000110101000000001001101100101111101000101110101011111000101101000000100001110001000001000000000000000000100100100011000001000000101101101111110000011101101101111100001101000100000000101011001111111001100101110111101
101110111010110100010111111000011110000000100100110010110111110000110011110101111000110110000000010100011100000100000000000000000000010010010101000100000000110110110111011000101110110110111010100110000010000000110101100111111100010110011111110
111110011010001011111001111011000101010000000001010011011011111101000011111011110011000011001000000010010101000000010000000000001000000110001001000000010011000011101011111011000110111011011011001010000000001110000011111010111011010001011101111
111011101001100101111100111101000110001000000100001101101101111110000101111101011101000101100000000001001110000000001000000000100000000011100100000000001101000101110101111101000011111101101101100001000000100011000101111001111101001100101110111
111101110100010110111010111110000011100000000010100110110110111011000110111110101110000110010000000100100011000000100000000000010000000101010010000000100110000110011110111110000101111110110110010100000000010101000110111100111110100010110011111
011111110011010001111111001101011000000010000011001010111011011011101000110111011011011000000001000101010010010000000000000000000001000001110001010000000011011000111101011110011000011111011010011001001000000011110000111111010001011010111011101
101111011101001100111111100110101000000001000101100001111101101101110000011111101101101000000100000110001001001000000000000000000100000100011100001000000101101000111110101011101000101111101001101100100000000101011000111111001100101001111101110
110111101110100010111111010011110000000100000110010100111110110110011000101111110110110000000010000011100100100000000000000000000010000010101010100000000110110000111011110101110000110111110100110010010000000110101000111111100010110100111110011
001111111110011111001011010010011001000101011000000010011110111011111011000011101010101010000011011000000001000000001000010000000000000000011011001001110000010000011011111011111101000110011000011110001010011000001000101111011010111111010001011
100111111011101111100101001001101100000110101000000001101011111101111101000101110001110001000101101000000100000000100000001000000000000000101101100100011000001000101101111101111110000011101000101011100001101000100000110111101001111111001100101
010111111101110111010110100100110010000011110000000100110101111110111110000110011100011100000110110000000010000000010000100000000000000000110110010010101000100000110110111110111011000101110000110101010100110000010000011111110100111111100010110
111001111111110011010001011001010011011000101010000000111011110011011111101000011010010101011000011001000000001000000000000010000000000011000011110001001000000010111011011101011111011000110110000011011001010000000001011101111111010111011010001
111100111111011101001100101100001101101000110001000000111101011101101111110000101001001110101000101100000000100000000000000001000000000101000101011100100000000001111101101110101111101000011011000101101100001000000100101110111111001111101001100
111010111111101110100010110010100110110000011100000000111110101110110111011000110100100011110000110010000000010000000000000100000000000110000110101010010000000100111110110011110111110000101101000110110010100000000010110011111111100111110100010
111111001011111110011010001011001010101011000000010000110111011111011011011101000101010010011011000000001000000001000010000000000000000011011000001110001010000000011111011111101011110011000011110000010011001001000000111011101111111010001011010
111111100101111011101001100101100001110101000000001000011111101111101101101110000110001001101101000000100000000100000001000000000000000101101000100011100001000000101111101111110101011101000101011000001101100100000000111101110111111001100101001
111111010110111101110100010110010100011110000000100000101111110111110110110011000011100100110110000000010000000010000100000000000000000110110000010101010100000000110111110111011110101110000110101000100110010010000000111110011111111100010110100
000011101011110111011111011001011010001111111110011111000000010010011001000101011000010000000011011001001110000000001010101010000011011000000000000000001000010000010001011101111011010111111000110011011011111011111101000001000000011110001010011
000101110101011111101111101100101001100111111011101111000000001001101100000110101000001000000101101100100011000000100001110001000101101000000000000000100000001000001100101110111101001111111000011101101101111101111110000100000000101011100001101
000110011110101111110111110010110100010111111101110111000000100100110010000011110000100000000110110010010101000000010100011100000110110000000000000000010000100000100010110011111110100111111000101110110110111110111011000010000000110101010100110
101000011111011110011011111010001011111001111111110011010000000001010011011000101000000010011000011110001001001000000010010101011000011000000000001000000000000010011010001011101111111010111011000110111011011101011111000000001110000011011001010
110000101111101011101101111001100101111100111111011101001000000100001101101000110000000001101000101011100100100000000001001110101000101000000000100000000000000001101001100101110111111001111101000011111101101110101111000000100011000101101100001
011000110111110101110110111100010110111010111111101110100000000010100110110000011000000100110000110101010010010000000100100011110000110000000000010000000000000100110100010110011111111100111110000101111110110011110111000000010101000110110010100
011101000110111011111011011011010001111111001011111110000010000011001010101011000010000000011011000001110001000001000101010010011011000000000000000001000010000000001011010111011101111111010110011000011111011111101011001000000011110000010011001
101110000011111101111101101101001100111111100101111011000001000101100001110101000001000000101101000100011100000100000110001001101101000000000000000100000001000000100101001111101110111111001011101000101111101111110101100000000101011000001101100
110011000101111110111110110110100010111111010110111101000100000110010100011110000100000000110110000010101010000010000011100100110110000000000000000010000100000000010110100111110011111111100101110000110111110111011110010000000110101000100110010
011111011000011101011110111110011111001011010001111111000101011000000010010011001001001110000010000000011011000011011000000001010101010000010000000000000000000001010111111010001011101111011011111101000110011011011111001010011000001000000011110
101111101000101110101011111011101111100101001100111111000110101000000001001101100100100011000001000000101101000101101000000100001110001000001000000000000000000100001111111001100101110111101101111110000011101101101111100001101000100000000101011
110111110000110011110101111101110111010110100010111111000011110000000100100110010010010101000100000000110110000110110000000010100011100000100000000000000000000010100111111100010110011111110110111011000101110110110111010100110000010000000110101
011011111101000011111011110111110011010001011111001111011000101010000000001010011110001001000000010011000011011000011001000000010010101000000010000000000001000000111010111011010001011101111101011111011000110111011011011001010000000001110000011
101101111110000101111101011111011101001100101111100111101000110001000000100001101011100100000000001101000101101000101100000000001001110000000001000000000100000000111001111101001100101110111110101111101000011111101101101100001000000100011000101
110110111011000110111110101111101110100010110111010111110000011100000000010100110101010010000000100110000110110000110010000000100100011000000100000000000010000000111100111110100010110011111011110111110000101111110110110010100000000010101000110
111011011011101000110111011011111110011010001111111001101011000000010000011001010001110001010000000011011000011011000000001000101010010010000000000000000000001000111111010001011010111011101111101011110011000011111011010011001001000000011110000
111101101101110000011111101101111011101001100111111100110101000000001000101100001100011100001000000101101000101101000000100000110001001001000000000000000000100000111111001100101001111101110111110101011101000101111101001101100100000000101011000
111110110110011000101111110110111101110100010111111010011110000000100000110010100010101010100000000110110000110110000000010000011100100100000000000000000000010000111111100010110100111110011111011110101110000110111110100110010010000000110101000
011110111011111011000011101001111111110011111001011010010011001000101011000000010000011011001001110000010000010101010000011011000000001000000001000010000000000000101111011010111111010001011011011111011111101000110011000011110001010011000001000
101011111101111101000101110100111111011101111100101001001101100000110101000000001000101101100100011000001000001110001000101101000000100000000100000001000000000000110111101001111111001100101101101111101111110000011101000101011100001101000100000
110101111110111110000110011010111111101110111010110100100110010000011110000000100000110110010010101000100000100011100000110110000000010000000010000100000000000000011111110100111111100010110110110111110111011000101110000110101010100110000010000
111011110011011111101000011111001111111110011010001011001010011011000101010000000011000011110001001000000010010010101011000011001000000001000000000000010000000000011101111111010111011010001111011011101011111011000110110000011011001010000000001
111101011101101111110000101111100111111011101001100101100001101101000110001000000101000101011100100000000001001001110101000101100000000100000000000000001000000000101110111111001111101001100111101101110101111101000011011000101101100001000000100
111110101110110111011000110111010111111101110100010110010100110110000011100000000110000110101010010000000100100100011110000110010000000010000000000000100000000000110011111111100111110100010111110110011110111110000101101000110110010100000000010
110111011111011011011101000111111001011111110011010001011001010101011000000010000011011000001110001010000000101010010011011000000001000000001000010000000000000000111011101111111010001011010011111011111101011110011000011110000010011001001000000
011111101111101101101110000111111100101111011101001100101100001110101000000001000101101000100011100001000000110001001101101000000100000000100000001000000000000000111101110111111001100101001101111101111110101011101000101011000001101100100000000
101111110111110110110011000111111010110111101110100010110010100011110000000100000110110000010101010100000000011100100110110000000010000000010000100000000000000000111110011111111100010110100110111110111011110101110000110101000100110010010000000
000001000000011110001010011010001011101111011010111111000110011011011111011111101000000010010011001000101011000011101011110111011111011001011010001111111110011111000000000000000001000010000000010000000011011001001110000000001010101010000011011
000100000000101011100001101001100101110111101001111111000011101101101111101111110000000001001101100000110101000101110101011111101111101100101001100111111011101111000000000000000100000001000000001000000101101100100011000000100001110001000101101
000010000000110101010100110100010110011111110100111111000101110110110111110111011000000100100110010000011110000110011110101111110111110010110100010111111101110111000000000000000010000100000000100000000110110010010101000000010100011100000110110
000000001110000011011001010011010001011101111111010111011000110111011011101011111010000000001010011011000101101000011111011110011011111010001011111001111111110011000000000001000000000000010000000010011000011110001001001000000010010101011000011
000000100011000101101100001101001100101110111111001111101000011111101101110101111001000000100001101101000110110000101111101011101101111001100101111100111111011101000000000100000000000000001000000001101000101011100100100000000001001110101000101
000000010101000110110010100110100010110011111111100111110000101111110110011110111100000000010100110110000011011000110111110101110110111100010110111010111111101110000000000010000000000000100000000100110000110101010010010000000100100011110000110
001000000011110000010011001001011010111011101111111010110011000011111011111101011000010000011001010101011000011101000110111011111011011011010001111111001011111110000000000000001000010000000010000000011011000001110001000001000101010010011011000
100000000101011000001101100100101001111101110111111001011101000101111101111110101000001000101100001110101000101110000011111101111101101101001100111111100101111011000000000000100000001000000001000000101101000100011100000100000110001001101101000
010000000110101000100110010010110100111110011111111100101110000110111110111011110000100000110010100011110000110011000101111110111110110110100010111111010110111101000000000000010000100000000100000000110110000010101010000010000011100100110110000
001010011000001000000011110010111111010001011101111011011111101000110011011011111000101011000000010010011001011111011000011101011110111110011111001011010001111111000010000000000000000000001001001110000010000000011011000011011000000001010101010
100001101000100000000101011001111111001100101110111101101111110000011101101101111000110101000000001001101100101111101000101110101011111011101111100101001100111111000001000000000000000000100100100011000001000000101101000101101000000100001110001
010100110000010000000110101100111111100010110011111110110111011000101110110110111000011110000000100100110010110111110000110011110101111101110111010110100010111111000100000000000000000000010010010101000100000000110110000110110000000010100011100
011001010000000001110000011111010111011010001011101111101011111011000110111011011011000101010000000001010011011011111101000011111011110111110011010001011111001111000000010000000000001000000110001001000000010011000011011000011001000000010010101
101100001000000100011000101111001111101001100101110111110101111101000011111101101101000110001000000100001101101101111110000101111101011111011101001100101111100111000000001000000000100000000011100100000000001101000101101000101100000000001001110
110010100000000010101000110111100111110100010110011111011110111110000101111110110110000011100000000010100110110110111011000110111110101111101110100010110111010111000000100000000000010000000101010010000000100110000110110000110010000000100100011
010011001001000000011110000111111010001011010111011101111101011110011000011111011101011000000010000011001010111011011011101000110111011011111110011010001111111001010000000000000000000001000001110001010000000011011000011011000000001000101010010
001101100100000000101011000111111001100101001111101110111110101011101000101111101110101000000001000101100001111101101101110000011111101101111011101001100111111100001000000000000000000100000100011100001000000101101000101101000000100000110001001
100110010010000000110101000111111100010110100111110011111011110101110000110111110011110000000100000110010100111110110110011000101111110110111101110100010111111010100000000000000000000010000010101010100000000110110000110110000000010000011100100
000011110001010011000001000101111011010111111010001011011011111011111101000110011010011001000101011000000010011110111011111011000011101001111111110011111001011010000000001000010000000000000000011011001001110000010000010101010000011011000000001
000101011100001101000100000110111101001111111001100101101101111101111110000011101001101100000110101000000001101011111101111101000101110100111111011101111100101001000000100000001000000000000000101101100100011000001000001110001000101101000000100
000110101010100110000010000011111110100111111100010110110110111110111011000101110100110010000011110000000100110101111110111110000110011010111111101110111010110100000000010000100000000000000000110110010010101000100000100011100000110110000000010
110000011011001010000000001011101111111010111011010001111011011101011111011000110001010011011000101010000000111011110011011111101000011111001111111110011010001011001000000000000010000000000011000011110001001000000010010010101011000011001000000
011000101101100001000000100101110111111001111101001100111101101110101111101000011100001101101000110001000000111101011101101111110000101111100111111011101001100101100000000000000001000000000101000101011100100000000001001001110101000101100000000
101000110110010100000000010110011111111100111110100010111110110011110111110000101010100110110000011100000000111110101110110111011000110111010111111101110100010110010000000000000100000000000110000110101010010000000100100100011110000110010000000
011110000010011001001000000111011101111111010001011010011111011111101011110011000011001010101011000000010000110111011111011011011101000111111001011111110011010001000001000010000000000000000011011000001110001010000000101010010011011000000001000
101011000001101100100000000111101110111111001100101001101111101111110101011101000101100001110101000000001000011111101111101101101110000111111100101111011101001100000100000001000000000000000101101000100011100001000000110001001101101000000100000
110101000100110010010000000111110011111111100010110100110111110111011110101110000110010100011110000000100000101111110111110110110011000111111010110111101110100010000010000100000000000000000110110000010101010100000000011100100110110000000010000
000110011011011111011111101000001000000011110001010011010001011101111011010111111001011010001111111110011111000000010010011001000101011000011101011110111011111011000000001010101010000011011000000000000000001000010000000010000000011011001001110
000011101101101111101111110000100000000101011100001101001100101110111101001111111100101001100111111011101111000000001001101100000110101000101110101011111101111101000000100001110001000101101000000000000000100000001000000001000000101101100100011
000101110110110111110111011000010000000110101010100110100010110011111110100111111010110100010111111101110111000000100100110010000011110000110011110101111110111110000000010100011100000110110000000000000000010000100000000100000000110110010010101
011000110111011011101011111000000001110000011011001010011010001011101111111010111010001011111001111111110011010000000001010011011000101101000011111011110011011111001000000010010101011000011000000000001000000000000010000000010011000011110001001
101000011111101101110101111000000100011000101101100001101001100101110111111001111001100101111100111111011101001000000100001101101000110110000101111101011101101111100000000001001110101000101000000000100000000000000001000000001101000101011100100
110000101111110110011110111000000010101000110110010100110100010110011111111100111100010110111010111111101110100000000010100110110000011011000110111110101110110111010000000100100011110000110000000000010000000000000100000000100110000110101010010
110011000011111011111101011001000000011110000010011001001011010111011101111111010011010001111111001011111110000010000011001010101011000011101000110111011111011011000001000101010010011011000000000000000001000010000000010000000011011000001110001
011101000101111101111110101100000000101011000001101100100101001111101110111111001101001100111111100101111011000001000101100001110101000101110000011111101111101101000100000110001001101101000000000000000100000001000000001000000101101000100011100
101110000110111110111011110010000000110101000100110010010110100111110011111111100110100010111111010110111101000100000110010100011110000110011000101111110111110110000010000011100100110110000000000000000010000100000000100000000110110000010101010
011111101000110011011011111001010011000001000000011110010111111010001011101111011110011111001011010001111111000101011000000010010011001011111011000011101011110111000011011000000001010101010000010000000000000000000001001001110000010000000011011
101111110000011101101101111100001101000100000000101011001111111001100101110111101011101111100101001100111111000110101000000001001101100101111101000101110101011111000101101000000100001110001000001000000000000000000100100100011000001000000101101
110111011000101110110110111010100110000010000000110101100111111100010110011111110101110111010110100010111111000011110000000100100110010110111110000110011110101111000110110000000010100011100000100000000000000000000010010010101000100000000110110
101011111011000110111011011011001010000000001110000011111010111011010001011101111111110011010001011111001111011000101010000000001010011011011111101000011111011110011000011001000000010010101000000010000000000001000000110001001000000010011000011
110101111101000011111101101101100001000000100011000101111001111101001100101110111111011101001100101111100111101000110001000000100001101101101111110000101111101011101000101100000000001001110000000001000000000100000000011100100000000001101000101
011110111110000101111110110110010100000000010101000110111100111110100010110011111111101110100010110111010111110000011100000000010100110110110111011000110111110101110000110010000000100100011000000100000000000010000000101010010000000100110000110
111101011110011000011111011010011001001000000011110000111111010001011010111011101011111110011010001111111001101011000000010000011001010111011011011101000110111011011011000000001000101010010010000000000000000000001000001110001010000000011011000
111110101011101000101111101001101100100000000101011000111111001100101001111101110101111011101001100111111100110101000000001000101100001111101101101110000011111101101101000000100000110001001001000000000000000000100000100011100001000000101101000
111011110101110000110111110100110010010000000110101000111111100010110100111110011110111101110100010111111010011110000000100000110010100111110110110011000101111110110110000000010000011100100100000000000000000000010000010101010100000000110110000
011011111011111101000110011000011110001010011000001000101111011010111111010001011001111111110011111001011010010011001000101011000000010011110111011111011000011101010101010000011011000000001000000001000010000000000000000011011001001110000010000
101101111101111110000011101000101011100001101000100000110111101001111111001100101100111111011101111100101001001101100000110101000000001101011111101111101000101110001110001000101101000000100000000100000001000000000000000101101100100011000001000
110110111110111011000101110000110101010100110000010000011111110100111111100010110010111111101110111010110100100110010000011110000000100110101111110111110000110011100011100000110110000000010000000010000100000000000000000110110010010101000100000
111011011101011111011000110110000011011001010000000001011101111111010111011010001111001111111110011010001011001010011011000101010000000111011110011011111101000011010010101011000011001000000001000000000000010000000000011000011110001001000000010
111101101110101111101000011011000101101100001000000100101110111111001111101001100111100111111011101001100101100001101101000110001000000111101011101101111110000101001001110101000101100000000100000000000000001000000000101000101011100100000000001
111110110011110111110000101101000110110010100000000010110011111111100111110100010111010111111101110100010110010100110110000011100000000111110101110110111011000110100100011110000110010000000010000000000000100000000000110000110101010010000000100
011111011111101011110011000011110000010011001001000000111011101111111010001011010111111001011111110011010001011001010101011000000010000110111011111011011011101000101010010011011000000001000000001000010000000000000000011011000001110001010000000
101111101111110101011101000101011000001101100100000000111101110111111001100101001111111100101111011101001100101100001110101000000001000011111101111101101101110000110001001101101000000100000000100000001000000000000000101101000100011100001000000
110111110111011110101110000110101000100110010010000000111110011111111100010110100111111010110111101110100010110010100011110000000100000101111110111110110110011000011100100110110000000010000000010000100000000000000000110110000010101010100000000
010001011101111011010111111000110011011011111011111101000001000000011110001010011000011101011110111011111011001011010001111111110011111000000010010011001000101011000010000000011011001001110000000001010101010000011011000000000000000001000010000
001100101110111101001111111000011101101101111101111110000100000000101011100001101000101110101011111101111101100101001100111111011101111000000001001101100000110101000001000000101101100100011000000100001110001000101101000000000000000100000001000
100010110011111110100111111000101110110110111110111011000010000000110101010100110000110011110101111110111110010110100010111111101110111000000100100110010000011110000100000000110110010010101000000010100011100000110110000000000000000010000100000
011010001011101111111010111011000110111011011101011111000000001110000011011001010101000011111011110011011111010001011111001111111110011010000000001010011011000101000000010011000011110001001001000000010010101011000011000000000001000000000000010
101001100101110111111001111101000011111101101110101111000000100011000101101100001110000101111101011101101111001100101111100111111011101001000000100001101101000110000000001101000101011100100100000000001001110101000101000000000100000000000000001
110100010110011111111100111110000101111110110011110111000000010101000110110010100011000110111110101110110111100010110111010111111101110100000000010100110110000011000000100110000110101010010010000000100100011110000110000000000010000000000000100
001011010111011101111111010110011000011111011111101011001000000011110000010011001011101000110111011111011011011010001111111001011111110000010000011001010101011000010000000011011000001110001000001000101010010011011000000000000000001000010000000
100101001111101110111111001011101000101111101111110101100000000101011000001101100101110000011111101111101101101001100111111100101111011000001000101100001110101000001000000101101000100011100000100000110001001101101000000000000000100000001000000
010110100111110011111111100101110000110111110111011110010000000110101000100110010110011000101111110111110110110100010111111010110111101000100000110010100011110000100000000110110000010101010000010000011100100110110000000000000000010000100000000
010111111010001011101111011011111101000110011011011111001010011000001000000011110011111011000011101011110111110011111001011010001111111000101011000000010010011001001001110000010000000011011000011011000000001010101010000010000000000000000000001
001111111001100101110111101101111110000011101101101111100001101000100000000101011101111101000101110101011111011101111100101001100111111000110101000000001001101100100100011000001000000101101000101101000000100001110001000001000000000000000000100
100111111100010110011111110110111011000101110110110111010100110000010000000110101110111110000110011110101111101110111010110100010111111000011110000000100100110010010010101000100000000110110000110110000000010100011100000100000000000000000000010
111010111011010001011101111101011111011000110111011011011001010000000001110000011011011111101000011111011110111110011010001011111001111011000101010000000001010011110001001000000010011000011011000011001000000010010101000000010000000000001000000
111001111101001100101110111110101111101000011111101101101100001000000100011000101101101111110000101111101011111011101001100101111100111101000110001000000100001101011100100000000001101000101101000101100000000001001110000000001000000000100000000
111100111110100010110011111011110111110000101111110110110010100000000010101000110110110111011000110111110101111101110100010110111010111110000011100000000010100110101010010000000100110000110110000110010000000100100011000000100000000000010000000
111111010001011010111011101111101011110011000011111011010011001001000000011110000111011011011101000110111011011111110011010001111111001101011000000010000011001010001110001010000000011011000011011000000001000101010010010000000000000000000001000
111111001100101001111101110111110101011101000101111101001101100100000000101011000111101101101110000011111101101111011101001100111111100110101000000001000101100001100011100001000000101101000101101000000100000110001001001000000000000000000100000
111111100010110100111110011111011110101110000110111110100110010010000000110101000111110110110011000101111110110111101110100010111111010011110000000100000110010100010101010100000000110110000110110000000010000011100100100000000000000000000010000
101111011010111111010001011011011111011111101000110011000011110001010011000001000011110111011111011000011101001111111110011111001011010010011001000101011000000010000011011001001110000010000010101010000011011000000001000000001000010000000000000
110111101001111111001100101101101111101111110000011101000101011100001101000100000101011111101111101000101110100111111011101111100101001001101100000110101000000001000101101100100011000001000001110001000101101000000100000000100000001000000000000
011111110100111111100010110110110111110111011000101110000110101010100110000010000110101111110111110000110011010111111101110111010110100100110010000011110000000100000110110010010101000100000100011100000110110000000010000000010000100000000000000
011101111111010111011010001111011011101011111011000110110000011011001010000000001111011110011011111101000011111001111111110011010001011001010011011000101010000000011000011110001001000000010010010101011000011001000000001000000000000010000000000
101110111111001111101001100111101101110101111101000011011000101101100001000000100111101011101101111110000101111100111111011101001100101100001101101000110001000000101000101011100100000000001001001110101000101100000000100000000000000001000000000
110011111111100111110100010111110110011110111110000101101000110110010100000000010111110101110110111011000110111010111111101110100010110010100110110000011100000000110000110101010010000000100100100011110000110010000000010000000000000100000000000
111011101111111010001011010011111011111101011110011000011110000010011001001000000110111011111011011011101000111111001011111110011010001011001010101011000000010000011011000001110001010000000101010010011011000000001000000001000010000000000000000
111101110111111001100101001101111101111110101011101000101011000001101100100000000011111101111101101101110000111111100101111011101001100101100001110101000000001000101101000100011100001000000110001001101101000000100000000100000001000000000000000
111110011111111100010110100110111110111011110101110000110101000100110010010000000101111110111110110110011000111111010110111101110100010110010100011110000000100000110110000010101010100000000011100100110110000000010000000010000100000000000000000
