0111111111111000000000000
1011111000000111111000000
1101111000000000000111111
1110000111000111000111000
1110000100110100110100110
1110000010101010101010101
1110000001011001011001011
1001100011100101001000111
1001010101010010110001101
1001001110001000111110010
1000110100011110001011010
1000101010101011010101100
1000011001110101100110001
0101100100101001110011001
0101010010110001101101010
0101001100011110001100101
0100110011001110010100011
0100101011010100101011100
0100011101100011010010110
0011100001011011100010110
0011010001101100011101100
0011001010110110010010011
0010110110010001011110001
0010101101100010101101001
0010011110001101100001110