01111111111000000000000000
10111000000111111000000000
11010100000100000111110000
11100010000010000100001111
11000001100001100011001100
10100001100000011000111010
10010000011001010010101001
10001100010011000001010011
10001100001000101100100101
10000011001100110101000010
10000010110110001010010100
01100000011001100000110110
01010001001000011001010101
01001011000100001010100011
01001000110100010100011001
01000110010010101001101000
01000100101011010110000010
00110000110000101011000011
00101010001001001101011000
00101001010010010110100100
00100110100101010001000101
00100101001110100010001001
00011110000000110010010110
00011000101110000001101010
00010101010101001100001100
00010011100011100100110000