011111111110000000000000000
101000000001111111100000000
110000000000000000011111111
100010000001111000011110000
100100000000000111100001111
100000100001100110011001100
100001000000011001100110011
100000001001010101010101010
100000010000101010101010101
100000000011001011001101001
100000000100110100110010110
010101010100000000100010111
010101001010000001000101011
010100110010000010001001101
010100101100000100010001110
010011010010001000001110001
010011001100010000010110010
010010110100100000011010100
010010101011000000011101000
001101010010001011100000001
001101001100010101100000010
001100110100100110100000100
001100101011000111000001000
001011010100111000100010000
001011001011011001000100000
001010110011101010001000000
001010101101110100010000000