0111111111111000000000000000
1011111100000111110000000000
1101111010000100001111000000
1110110101000010001100110000
1111001010100011001000101000
1111000101010100100110000100
1110100010101101010001000010
1101010001011010110000010001
1010101000111000001011001001
1001010100111000000100110110
1000101011011001000000101110
1000010111101000100010001101
1000001111110000010001010011
0110011000000001110111000110
0101100100000001111000111001
0100101000100110110000101110
0100010100010111010010001101
0100001100001111100001010011
0011100010000010000111111001
0011010001000100001011110110
0010010010010100101101001101
0010001010001100011110010011
0001100001100011001100011110
0001000101001010011101100011
0000100010110011101010100101
0000010001110101100110101010
0000001001101101010101110100
0000000110011010111011011000