0111111111100000011110000001111000000111110010000111001000011100100001100000011110000001111000000111110010000111001000011100100001111100000011110000000000011110000001111000000111101111000000000001111000000111100000011110000001111000000111100000011110111100000011110000001111000000
1011111111010001100101000110011100100001100000011110100100101010010010010001100101000110011100100001100000011110100100101010010010111100000000000111101111000000000010110100001011010000011110111100000000001011010000101101000001111011110000001111000000000001111000000111101111000000
1101111111001010101000101010101010010010101001001010000001111001001100001010101000101010101010010010101001001010000001111001001100111100000000001011010000101101111100000000001100110000101101000010110111110000000000110011111100000000000111101111000000000001111011110000000000011110
1110111111000111010000011101001001001100100100110010010011001000000111000111010000011101001001001100100100110010010011001000000111111100000000001100110000110011000011001111110000000000110011000011001100001100111111000000111100000011110000000000011110111100000000000111100000011110
1111011111001110000111001000010100011001010001100101100011000110001100001110000111001000010100011001010001100101100011000110001100000001111011110000001111000000000011001100001100110000011110000001111011110000001111000000111100000000001011010000101101000010110100001011011111000000
1111101111010101001010100100100010101010011000110001000110010101010010010101001010100100100010101010011000110001000110010101010010000010110111110000000000110011111100000000001011010000101101111100000000000111101111000000000010110111110000000000110011000010110111110000000000101101
1111110111011000110010010011000001110100010101001001010100100100011001011000110010010011000001110100010101001001010100100100011001000011001111110000000000101101000010110111110000000000110011111100000011110000000000011110000011001100001100111111000000111100000000001011010000101101
1111111011100100110001100011000110001100001010101000101010100011100001100100110001100011000110001100001010101000101010100011100001000011001100001100111111000000111100000000000111101111000000000010110100001011011111000000000010110100001011011111000000111100000000001100110000110011
1111111101101001001001010100100101010010000111010000111000010010101010101001001001010100100101010010000111010000111000010010101010000010110100001011011111000000000001111011110000001111000000000011001111110000000000101101000011001111110000000000101101000011001111110000000000110011
1111111110110010000100111000010011100001001110000100011101000001110100110010000100111000010011100001001110000100011101000001110100000001111000000111100000011110111100000011110000001111000000111100000000001100110000110011111100000000001100110000110011000011001100001100111111000000
1000000111011111111110001110001000111000110010000111001000011100100001100000011111110000001111000000000001111000000111100000011110100000011110000001111100100001110010000111001000011000111000001100011000110001100011000110001100011000110001100011000110100011100010001110001000111000
0100011001101111111101001001101100100001100011100010100100101010010010010001100111110000000000011110111100000000001011010000101101010001100111001000011000000111101001001010100100100011000110100011100001010001010101000101001100011010001110001000111000001100011000110001101000111000
0010101010110111111100100101011010010010101001001010001110001001001100001010101011110000000000101101000010110111110000000000110011001010101010100100101010010010100000011110010011000101000101010100010110001110000110000011100011100000110001101000111000001100011010001110000011000110
0001110100111011111100010010111001001100100100110010010011001000111000000111010011110000000000110011000011001100001100111111000000000111010010010011001001001100100100110010000001110110000011011000001101100000111000111000100011100010001110000011000110100011100000110001100011000110
0011100001111101111111001000010100100110010010011001100011000110001100001110000100000111101111000000111100000000001100110000110011110010000101000110010100011001011000110001100011000011000110001100011010001110001000111000100011100001010001010101000101010100010101010001011000111000
0101010010111110111110100100100010010101011000110001001001100101010010010101001000001011011111000000000011001111110000000000101101101001001000101010100110001100010001100101010100100101000101100011100000110001101000111000010100010110001110000110000011010100010110001110000101000101
0110001100111111011110010011000001001011010101001001010100100100100110011000110000001100111111000000000010110100001011011111000000100100110000011101000101010010010101001001000110010110000011100011100010001110000011000110011000001101100000111000111000100011100001010001010101000101
1001001100111111101101100011000110001100001001010100100101010011100001100100110000001100110000110011111100000011110000000000011110011000110001100011000010101010001010101000111000011000111000010100010101010001011000111000010100010101010001011000111000100011100001100000110110000011
1010010010111111110101010100100101010010000100101100111000010010010101101001001000001011010000101101111100000000000111101111000000010101001001010100100001110100001110000100101010101000111000011000001110001110000101000101011000001110001110000101000101011000001110001110000110000011
1100100001111111111000111000010011100001001110000100010010110001001011110010000100000111100000011110000001111011110000001111000000001110000100111000010011100001000111010000011101001000111000100011100001100000110110000011100011100001100000110110000011011000001101100000111000111000
1000111000100011100001111111111111000000110010000111001000011100100001111100000010000001111000111000001100011000110001100011000110100000011110001110000011000110001100011000110001101000000111110010000111001000011100100001001101100000110110000011011000010010011001001001100100100110
0100100110010010011010111111111100100001111100000010100100101010010010111100000001000110010011000110100011100001010001010101000101010001100100110001101000111000010100010101010001011100100001100000011110100100101010010010001101100001001001100100100110001101100000110110000100100110
0010010101001001010111011111111010010010101001001011110000001001001100111100000000101010100101000101010100010110001110000110000011001010101001010001010101000101100011100001100000111010010010101001001010000001111001001100010010011000110110000100100110001101100001001001100011011000
0001001011000100101111101111111001001100100100110010010011001111000000111100000000011101000110000011011000001101100000111000111000000111010001100000110110000011011000001110001110001001001100100100110010010011001000000111010010011001001001100011011000010010011000110110000011011000
0011100001110010000111110111110100100110010010011000011101000001110100000001111000111000011000111000100011100001100000110110000011110010000100110001100011000110100011100010001110000100011001010001100101100011000110001100010010011010010100011001010001100101000110010100010100100110
0101010010101001001011111011110010010101000111010001001001100010101010000010110101010100101000111000011000001110001110000101000101101001001001010001011000111000001100011010001110000010101010011000110001000110010101010010100101000101001001101010001001100101000101001001101001010001
0110001100100100110011111101110001001011001010101000101010100100100110000011001101100011001000111000010100010101010001011000111000100100110001100000111000111000100011100000110001100001110100010101001001010100100100011001101000100110100010010100100110010010011010010100011001010001
1001001100011000110011111110110001110100001001010100100101010100011001000011001110010011000110000011100011100010001110000011000110011000110010001110000101000101010100010110001110000110001100001010101000101010100011100001100101000110010100010100100110010010011010100010011010001001
1010010010010101001011111111010010101010000100101101000110010010010101000010110110100100100101000101100011100000110001101000111000010101001010001110000110000011100011100001010001010101010010000111010000111000010010101010101000100101001001101001010001101000100101001001101010001001
1100100001001110000111111111100100011001010001100100010010110001001011000001111011001000010011000110001100011010001110001000111000001110000110001110001000111000011000001101100000110011100001001110000100011101000001110100010010011010100010011010001001101000100110100010010100100110
1111000000111100000011110000000111111111110010000111001000011100100001100011100010001110001000000111001101100000110110000011011000100011100010000001110011011000001101100000110110001000000111001101100000110110000011011000110010000111001000011100100001001001010100100101010010010101
0100100110010010011011001000011011111111111100000001100011000110001100100011100000110001100100011001010010011010010100011001010001001100011001000110010100100110100101000110010100011100100001001101100001001001100100100110100000011110100100101010010010010110100001011010000010010101
0010010101001001010110100100101101111111011000110011110000000101010010100011100001010001010010101010100101000101001001101010001001010100010100101010101001010001010010011010100010011010010010010010011000110110000100100110101001001010000001111001001100010110100000100101010101101000
0001001011000100101110010011001110111111010101001001010100101111000000100011100001100000110001110100101000100110100010010100100110011000001100011101001010001001101000100101001001101001001100010010011001001001100011011000100100110010010011001000000111001001010101011010000101101000
0100011001110010000101001001101111011111100011100000011101000001110100001100011010001110000011100001010010011010100010011010001001001100011011001000010011011000010010011001001001100100011001010010011010010100011001010001010001100101100011000110001100100110001010011000100010010101
0010101010101001001000100101011111101111000111010010001110000010101010010100010110001110000101010010101000100101001001101001010001010100010110100100100100100110001101100001001001100010101010100101000101001001101010001001011000110001000110010101010010100110001000100101011001100010
0001110100100100110000010010111111110111001010101000101010101000111000011000001110001110000110001100100101000110010100010100100110011000001110010011000100100110010010011000110110000001110100101000100110100010010100100110010101001001010100100100011001001001010110011000101001100010
1001001100000111010000011101001111111011001001010100100101011000000111011000001101100000111001001100010010011001001001100011011000100011100001100011001001010001100101000101001001100110001100100101000110010100010100100110001010101000101010100011100001001001010111000010101100001010
1010010010001010101000101010101111111101000100101110000001110010010101010100010101010001011010010010010010011000110110000100100110100011100001010100101010001001010010011010010100010101010010101000100101001001101001010001000111010000111000010010101010110000101000100101011100001010
1100100001010001100101000110011111111110100000011100010010110001001011001100011000110001101100100001001101100001001001100100100110100011100000111000010100100110101000100110100010010011100001010010011010100010011010001001001110000100011101000001110100110000101011000010100010010101
1111000000111100000011110000001100100001011111111110100100101010010010010010011001001001100011011000100000011101011010000101101000010010011000110110001000000111010110100001011010000011011000100000011101011010000101101000110010000100100101010010010101110010000111001000010001001011
1000111000100011100011001000011111000000101111111101100011000110001100010010011000110110000100100110010001100110011000101001100010001101100001001001100100011001100110001010011000100011011000110010000100100101010010010101100000011101011010000101101000101001001010100100100001001011
0010010101001001010101100011000110001100110111111111110000000011100001010010011010010100011001010001001010101000100101011100001010100101000110010100010010101010001001010111000010100100100110101001001001011010000010010101101001001001011010000010010101100000011110010011000110110000
0001001011000100101101010100100101010010111011111100111000011111000000010010011010100010011010001001000111010011000010100010010101101000100110100010010001110100110000101000100101010100100110100100110000100101010101101000100100110000100101010101101000100100110010000001110110110000
1000000111110010000110001110001000111000111101111100011101000001110100001101100001001001100100100110001110000111000010101100001010001101100000110110001100100001001001010100100101010100100110010001100110011000101001100010010001100110011000101001100010011000110001100011000001001011
0010101010011000110000100101010001110100111110111110001110000100011001100101000101001001101010001001010101001000100101011001100010100101000101001001101010010010010110100000100101011001010001001010101000100101011100001010011000110010011000100010010101010001100101010100101010100100
0001110100010101001000010010110010101010111111011101000110011000111000101000100101001001101001010001011000110010011000100010010101101000100101001001101001001100001001010101011010001010001001000111010011000010100010010101010101001000100101011001100010010101001001000110011010100100
0101010010000111010000011101000010010101111111101101001001101000000111101000100110100010010100100110100100110000100101010101101000010010011010010100010110001100100110001000100101011001010001011000110010011000100010010101001010101000100101011100001010001010101000111000011100010100
0110001100001010101000101010100001001011111111110110000001110100100110100101000110010100010100100110101001001001011010000010010101010010011010100010010101010010001001010110011000101010001001010101001000100101011001100010000111010011000010100010010101001110000100101010101100010100
1100100001100000011110000001111000000111111111111000010010110001001011001101100000110110000011011000110010000100100101010010010101010010011001001001100011100001110000101011000010100100100110001110000111000010101100001010001110000111000010101100001010000111010000011101000001001011
1111000000111100000011110000001010010010101001001001111111111001001100001001010100100101010101101000010110100010000001110110110000001001010101011010000101101000100000011101101100000101101000010110100010000001110110110000001001010111001000010001001011110010000100010010111100100001
1000111000100011100010100100101111000000011000110010111111110101010010001001010101011010000010010101100110001001000110011010100100010110100000100101011001100010010001100110101001000101101000001001010111001000010001001011010110100010000001110110110000101001001000010010111010010010
0100100110010010011001100011000110001100111100000011011111110011100001001001010110011000101001100010001001010100101010101100010100100110001010011000100010010101001010101011000101000010010101010110100010100100100001001011010110100010100100100001001011100000011101101100001001001100
0001001011000100101100111000010011100001001110000111101111111111000000001001010111000010101100001010110000101000011101000001001011110000101011000010101100001010000111010000010010110010010101001001010110010011000110110000001001010110010011000110110000100100110001101100001000000111
1000000111101001001010001110001000111000000111010011110111110010101010010110100000100101010010010101110000101000111000011100010100010110100001011010000010010101110010000100010010110010010101100110001001000110011010100100100110001001000110011010100100011000110000010010110110001100
0100011001011000110001001001100001110100100011100011111011110100011001100110001000100101011100001010001001010101010100101010100100100110001000100101010101101000101001001000010010111001100010001001010100101010101100010100100110001001100011000001001011010001100110101001000101010010
0001110100001110000100010010110100011001010001100111111101111000111000110000101000100101011001100010100110001001100011000001001011110000101000100101010010010101100100110001101100001100001010110000101000011101000001001011001001010101010100101010100100010101001010101001000100011001
0011100001000111010000011101000100100110010010011011111110111000000111110000101011000010100010010101001001010110010011000110110000001001010110011000101001100010011000110000010010111001100010100110001001100011000001001011001001010100101010101100010100001010101011000101000011100001
0110001100010001100101000110010001001011100000011111111111010100100110100110001010011000100010010101010110100010100100100001001011001001010111000010100010010101010101001010101001001100001010001001010101010100101010100100110000101000011101000001001011001110000111000101000010101010
1010010010100000011110000001111000000111000100101111111111100010010101010110100001011010000101101000001001010111001000010001001011001001010100100101011100001010001110000111000101000010010101110000101000111000011100010100110000101000111000011100010100000111010000010010110001110100
1111000000111100000011110000001001001100100100110010010011000111111111000100101100010010110110110000011011000001101100001000000111000100101101101100000110110000011011000010000001110110110000011011000001101100001000000111000100101100010010111100100001000100101111001000011100100001
1000111000100011100010010011001111000000010101001001010100101011111111000100101101101100000001001011101010010010101001000100011001011011000000010010111010100100101010010001000110010110110000000100101100010010111100100001011011000001101100001000000111000100101110100100101010010010
0100100110010010011001010100100101010010111100000000111000011101111111000100101110101001001010100100000100101111000101000010101010101010010010101001000001001011110001010000101010100001001011011011000000010010111010010010011011000000010010111010010010011011000010000001111001001100
0010010101001001010100111000010011100001001110000111110000001110111111000100101111000101001100010100110001010000010010110001110100110001010011000101001100010100000100101100011101000001001011000100101101101100001001001100000100101101101100001001001100011011000010010011001000000111
1000000111100100110010001110001000111000001010101000101010101111011111011011000000010010110001001011110001010011000101000011100001011011000001101100000001001011000100101111001000010001001011101010010010101001000100011001101010010010101001000100011001000100101101100011000110001100
0100011001010101001001001001100010101010100011100001000110011111101111101010010000010010111100010100000100101110101001000101010010101010010000010010110110110000000100101110100100101010100100000100101111000101000010101010101010010000010010110110001100101010010001000110010101010010
0010101010001110000100100101010100011001010001100110001110001111110111110001010000010010111010100100101010010000010010110110001100110001010000010010110001001011011011000010010011001100010100110001010000010010110001110100000100101110101001000101010010101010010001010100100100011001
0011100001001010101000101010100100100110010010011010000001111111111011110001010011000101000001001011000100101101101100001001001100000100101110101001001010100100000100101101100011001010100100101010010000010010110110001100000100101111000101000010101010110001010000101010100011100001
0101010010010001100101000110010010010101100000011101001001101111111101101010010010101001000001001011011011000000010010111010010010000100101111000101000001001011101010010001010100101100010100000100101110101001000101010010110001010000010010110001110100110001010000111000010010101010
1001001100100000011110000001111000000111001001010100100101011111111110011011000001101100000110110000000100101100010010111100100001000100101100010010111100010100110001010000111000010001001011110001010011000101000011100001110001010011000101000011100001000100101100011101000001110100
1000000111100000011111110000001111000000000001111000000111100000011110011111111110001110001000111000110010000111001000011100100001100011100010001110001100100001110010000111001000011000000111001101100000110110000011011000001101100000110110000011011000100000011110000001111000000111
0100011001010001100111110000000000011110111100000000001011010000101101101111111101001001101100100001100011100010100100101010010010010010011011001000011000111000101001001010100100100011011000100000011101011010000101101000001101100010000001111000000111001101100000110110001000000111
0010101010001010101011110000000000101101000010110111110000000000110011110111111100100101011010010010101001001010001110001001001100001001010110100100101010010010100011100010010011000101101000010110100010000001110110110000100000011100110110001000000111001101100010000001110011011000
0001110100000111010011110000000000110011000011001100001100111111000000111011111100010010111001001100100100110010010011001000111000000100101110010011001001001100100100110010001110000110110000011011000001101100001000000111100000011110000001110011011000100000011100110110000011011000
0011100001001110000100000111101111000000111100000000001100110000110011111101111111001000010100100110010010011001100011000110001100110010000101001001100100100110011000110001100011000011011000001101100010000001111000000111100000011101011010000101101000010110100001011010001000000111
0101010010010101001000001011011111000000000011001111110000000000101101111110111110100100100010010101011000110001001001100101010010101001001000100101010110001100010010011001010100100101101000100000011100110110001000000111010110100010000001110110110000010110100010000001110101101000
0110001100011000110000001100111111000000000010110100001011011111000000111111011110010011000001001011010101001001010100100100100110100100110000010010110101010010010101001001001001100110110000100000011110000001110011011000011011000001101100001000000111100000011101011010000101101000
1001001100100100110000001100110000110011111100000011110000000000011110111111101101100011000110001100001001010100100101010011100001011000110001100011000010010101001001010100111000011000000111010110100001011010001000000111010110100001011010001000000111100000011101101100000110110000
1010010010101001001000001011010000101101111100000000000111101111000000111111110101010100100101010010000100101100111000010010010101010101001001010100100001001011001110000100100101011000000111011011000010000001110101101000011011000010000001110101101000011011000010000001110110110000
1100100001110010000100000111100000011110000001111011110000001111000000111111111000111000010011100001001110000100010010110001001011001110000100111000010011100001000100101100010010111000000111100000011101101100000110110000100000011101101100000110110000011011000001101100001000000111
1000111000111100000010000001111000111000001100011000110001100011000110100011100001111111111111000000110010000111001000011100100001100011100010000001110011011000001101100000110110001000111000110010000111001000011100100001001100011000110001100011000110010001100101000110010100011001
0100100110111100000001000110010011000110100011100001010001010101000101010010011010111111111100100001111100000010100100101010010010010010011000110110001000000111010110100001011010001100100001100011100010100100101010010010001100011001000110010100011001001100011000110001100100011001
0010010101111100000000101010100101000101010100010110001110000110000011001001010111011111111010010010101001001011110000001001001100001001010101011010000101101000100000011101101100001010010010101001001010001110001001001100010001100100110001100100011001001100011001000110010011000110
0001001011111100000000011101000110000011011000001101100000111000111000000100101111101111111001001100100100110010010011001111000000000100101101101100000110110000011011000010000001111001001100100100110010010011001000111000010001100101000110010011000110010001100100110001100011000110
0011100001000001111000111000011000111000100011100001100000110110000011110010000111110111110100100110010010011000011101000001110100110010000100110110000011011000100000011110000001110100100110010010011001100011000110001100010001100110011000101001100010100110001010011000100100011001
0101010010000010110101010100101000111000011000001110001110000101000101101001001011111011110010010101000111010001001001100010101010101001001001011010001000000111001101100010000001110010010101011000110001001001100101010010100110001001000110011010100100100110001001000110011001100010
0110001100000011001101100011001000111000010100010101010001011000111000100100110011111101110001001011001010101000101010100100100110100100110001101100001000000111100000011100110110000001001011010101001001010100100100100110101010010010101001000100011001010001100110011000101001100010
1001001100000011001110010011000110000011100011100010001110000011000110011000110011111110110001110100001001010100100101010100011001011000110010000001110101101000010110100010000001110110001100001001010100100101010011100001100110001010011000100100011001010001100110101001001010100100
1010010010000010110110100100100101000101100011100000110001101000111000010101001011111111010010101010000100101101000110010010010101010101001010000001110110110000100000011101011010000101010010000100101100111000010010010101101010010001000110011001100010101010010001000110011010100100
1100100001000001111011001000010011000110001100011010001110001000111000001110000111111111100100011001010001100100010010110001001011001110000110000001111000000111011011000001101100000011100001001110000100010010110001001011010001100110101001001010100100101010010010101001000100011001
1111000000100011100010001110001000000111001101100000110110000011011000111100000011110000000111111111110010000111001000011100100001100000011110001110000011000110001100011000110001101000111000001100011000110001100011000110110010000111001000011100100001001010101000101010100010101010
0100100110100011100000110001100100011001010010011010010100011001010001010010011011001000011011111111111100000001100011000110001100001101100001001001100100011001100110001010011000101100100001001100011001000110010100011001100011100010100100101010010010010100010101010001010010101010
0010010101100011100001010001010010101010100101000101001001101010001001001001010110100100101101111111011000110011110000000101010010010110100000100101011001100010010001100110101001001010010010010001100100110001100100011001101001001010001110001001001100010100010100101010100101000101
0001001011100011100001100000110001110100101000100110100010010100100110000100101110010011001110111111010101001001010100101111000000011011000000010010111010100100101010010001000110011001001100010001100101000110010011000110100100110010010011001000111000001010101001010001010101000101
0100011001001100011010001110000011100001010010011010100010011010001001110010000101001001101111011111100011100000011101000001110100001101100011001000010011000110010001100101000110010100100110010001100110011000101001100010010010011001100011000110001100100101000110010100010010101010
0010101010010100010110001110000101010010101000100101001001101001010001101001001000100101011111101111000111010010001110000010101010010110100010100100100100011001001100011001000110010010010101100110001001000110011010100100011000110001001001100101010010100101000100101010101001010001
0001110100011000001110001110000110001100100101000110010100010100100110100100110000010010111111110111001010101000101010101000111000011011000010010011000100011001010001100100110001100001001011101010010010101001000100011001010101001001010100100100100110001010101010010100011001010001
1001001100011000001101100000111001001100010010011001001001100011011000000111010000011101001111111011001001010100100101011000000111100000011101100011001001100010100110001001000110010110001100100110001010011000100100011001001001010100100101010011100001001010101011000101001100010100
1010010010010100010101010001011010010010010010011000110110000100100110001010101000101010101111111101000100101110000001110010010101100000011101010100101010100100010001100110011000100101010010101010010001000110011001100010000100101100111000010010010101110001010000101010101100010100
1100100001001100011000110001101100100001001101100001001001100100100110010001100101000110011111111110100000011100010010110001001011100000011100111000010100011001101010010010101001000011100001010001100110101001001010100100001110000100010010110001001011110001010011000101000010101010
1111000000010010011001001001100011011000100000011101011010000101101000111100000011110000001100100001011111111110100100101010010010010001100100110001101000111000010100010101010001010011000110100011100001010001010101000101110010000100101010100010101010110010000111001000010001110100
1000111000010010011000110110000100100110010001100110011000101001100010100011100011001000011111000000101111111101100011000110001100001100011001000110010100100110100101000110010100010011000110110010000100101010100010101010100011100001010001010101000101101001001010100100100001110100
0010010101010010011010010100011001010001001010101000100101011100001010001001010101100011000110001100110111111111110000000011100001100110001010011000100010010101001010101011000101000100011001101001001001010001010010101010101001001001010001010010101010100011100010010011000110000011
0001001011010010011010100010011010001001000111010011000010100010010101000100101101010100100101010010111011111100111000011111000000101010010010101001000001001011110001010000101010100100011001100100110000101010100101000101100100110000101010100101000101100100110010001110000110000011
1000000111001101100001001001100100100110001110000111000010101100001010110010000110001110001000111000111101111100011101000001110100001100011000110001101100100001001010101000101010100100011001010010011010010100011001010001010010011010010100011001010001011000110001100011000001110100
0010101010100101000101001001101010001001010101001000100101011001100010011000110000100101010001110100111110111110001110000100011001100110001001000110011010010010010100010100101010101001100010001001010100101010101100010100011000110010010100010010101010010010011001010100101010001001
0001110100101000100101001001101001010001011000110010011000100010010101010101001000010010110010101010111111011101000110011000111000101010010001000110011001001100001010101001010001011010100100000100101111000101000010101010010101001000101010101001010001010101001001001001101010001001
0101010010101000100110100010010100100110100100110000100101010101101000000111010000011101000010010101111111101101001001101000000111010001100110011000100110001100100101000100101010101001100010011000110010010100010010101010001001010100101010101100010100001001010100111000011100001010
0110001100100101000110010100010100100110101001001001011010000010010101001010101000101010100001001011111111110110000001110100100110010001100110101001000101010010001010101010010100011010100100010101001000101010101001010001000100101111000101000010101010001110000100100101011100001010
1100100001001101100000110110000011011000110010000100100101010010010101100000011110000001111000000111111111111000010010110001001011010001100101000110010011100001110001010011000101000100011001001110000111000101001100010100001110000111000101001100010100000100101100010010110001110100
1111000000001001010100100101010101101000010110100010000001110110110000111100000011110000001010010010101001001001111111111001001100001010101001010001010101000101100011100001100000110101000101010100010110001110000110000011001010101011001000010001110100110010000100011101001100100001
1000111000001001010101011010000010010101100110001001000110011010100100100011100010100100101111000000011000110010111111110101010010010100010100101010101001010001010010011010100010010101000101001010101011001000010001110100010100010110001110000110000011101001001000011101001010010010
0100100110001001010110011000101001100010001001010100101010101100010100010010011001100011000110001100111100000011011111110011100001100101000110010100010010101010001001010111000010100010101010010100010110100100100001110100010100010110100100100001110100100011100001100000111001001100
0001001011001001010111000010101100001010110000101000011101000001001011000100101100111000010011100001001110000111101111111111000000110001010011000101001100010100000100101100011101000010101010001010101010010011000110000011001010101010010011000110000011100100110001100000111000111000
1000000111010110100000100101010010010101110000101000111000011100010100101001001010001110001000111000000111010011110111110010101010010100010101010001010010101010110010000100011101000010101010100101000101001001101010001001100101000101001001101010001001011000110000011101000110001100
0100011001100110001000100101011100001010001001010101010100101010100100011000110001001001100001110100100011100011111011110100011001100101000100101010100101000101101001001000011101001001010001001010101000100101011100001010100101000101100011000001110100010010011010100010010101010010
0001110100110000101000100101011001100010100110001001100011000001001011001110000100010010110100011001010001100111111101111000111000110001010000101010100010101010100100110001100000111100010100110001010000010010110001110100001010101001010100101010001001010101001010100010010100100110
0011100001110000101011000010100010010101001001010110010011000110110000000111010000011101000100100110010010011011111110111000000111001010101010010100011001010001011000110000011101001001010001100101000101100011000001110100001010101000100101011100001010001001010111000010100011100001
0110001100100110001010011000100010010101010110100010100100100001001011010001100101000110010001001011100000011111111111010100100110001010101011000101000010101010010101001010100010011100010100001010101001010100101010001001110001010000010010110001110100001110000111000010100010010101
1010010010010110100001011010000101101000001001010111001000010001001011100000011110000001111000000111000100101111111111100010010101001010101000101010101100010100001110000111000010100010101010110001010000111000011100001010110001010000111000011100001010000100101100011101000001001011
1111000000000100101100010010110110110000011011000001101100001000000111111100000011110000001001001100100100110010010011000111111111000111010001100000110110000011011000001110001110000110000011011000001101100000111000111000000111010000011101001100100001000111010011001000011100100001
1000111000000100101101101100000001001011101010010010101001000100011001100011100010010011001111000000010101001001010100101011111111011000001100011101001010001001101000100101001001100110000011000111010000011101001100100001011000001101100000111000111000000111010010100100101010010010
0100100110000100101110101001001010100100000100101111000101000010101010010010011001010100100101010010111100000000111000011101111111101000100110100010010001110100110000101000100101010001110100011000001100011101001010010010011000001100011101001010010010011000001110001110001001001100
0010010101000100101111000101001100010100110001010000010010110001110100001001010100111000010011100001001110000111110000001110111111110000101011000010101100001010000111010000010010110001110100000111010001100000111001001100000111010001100000111001001100011000001110010011001000111000
1000000111011011000000010010110001001011110001010011000101000011100001100100110010001110001000111000001010101000101010101111011111011000001101100000110001110100000111010011001000010001110100101000100110100010010100100110101000100110100010010100100110000111010001100011000110001100
0100011001101010010000010010111100010100000100101110101001000101010010010101001001001001100010101010100011100001000110011111101111101000100100011101000110000011000111010010100100101010001001000111010011000010100010010101101000100100011101000110001100101000100101001001100101010010
0010101010110001010000010010111010100100101010010000010010110110001100001110000100100101010100011001010001100110001110001111110111110000101000011101000001110100011000001110010011001100001010110000101000011101000001001011000111010010100010010101010010101000100101010100100100100110
0011100001110001010011000101000001001011000100101101101100001001001100001010101000101010100100100110010010011010000001111111111011000111010010100010011010001001000111010001100011001010001001101000100100011101000110001100000111010011000010100010010101110000101000100101010011100001
0101010010101010010010101001000001001011011011000000010010111010010010010001100101000110010010010101100000011101001001101111111101000111010011000010100001110100101000100101010100101100001010000111010010100010010101010010110000101000011101000001001011110000101000111000010010010101
1001001100011011000001101100000110110000000100101100010010111100100001100000011110000001111000000111001001010100100101011111111110000111010000011101001100001010110000101000111000010001110100110000101011000010100011100001110000101011000010100011100001000111010000010010110001001011
1111000000100011100010001110001000000111001101100000110110000011011000100011100010001110001000000111001101100000110110000011011000011111111111110000001100100001110010000111001000011111000000110010000111001000011100100001000001111000000111100000011110001110000100111000010011100001
1111000000010010011001001001100011011000100000011101011010000101101000010010011001001001100011011000100000011101011010000101101000101111111111001000011111000000101001001010100100101100100001111100000010100100101010010010000001111000111000010011100001000001111000000111100011100001
1111000000001001010100100101010101101000010110100010000001110110110000001001010100100101010101101000010110100010000001110110110000110111111110100100101010010010111100000010010011001010010010101001001011110000001001001100001110000100000111100011100001000001111000111000010000011110
1111000000000100101100010010110110110000011011000001101100001000000111000100101100010010110110110000011011000001101100001000000111111011111110010011001001001100100100110011110000001001001100100100110010010011001111000000001110000100111000010000011110001110000100000111100000011110
0000011110001110000100111000011000000111100000011101101100000110110000110010000111001000010011011000001101100010000001111000000111111101111101001001100100100110000111010000011101000100100110010010011000011101000001110100001110000111000010101100001010110000101011000010100011100001
0000101101010101001001010100101000000111011011000010000001110101101000101001001010100100100101101000100000011100110110001000000111111110111100100101010001110100010010011000101010100010010101000111010001001001100010101010110000101000111000011100010100110000101000111000011100001010
0000110011011000110001100011001000000111010110100001011010001000000111100100110010010011000110110000100000011110000001110011011000111111011100010010110010101010001010101001001001100001001011001010101000101010100100100110110001010011000101000011100001001110000111000010101100001010
0000110011100100110010010011000110110000100000011110000001110011011000011000110001100011001000000111010110100001011010001000000111111111101100011101000010010101001001010101000110010001110100001001010100100101010100011001110000101011000010100011100001001110000111000101001100010100
0000101101101001001010100100100101101000100000011100110110001000000111010101001001010100101000000111011011000010000001110101101000111111110100101010100001001011010001100100100101010010101010000100101101000110010010010101110001010000111000011100001010110001010000111000011100010100
0000011110110010000111001000010011011000001101100010000001111000000111001110000100111000011000000111100000011101101100000110110000111111111001000110010100011001000100101100010010110100011001010001100100010010110001001011001110000111000101001100010100110001010011000101000011100001
1000111000111100000010000001111000111000001100011000110001100011000110111100000010000001111000111000001100011000110001100011000110111100000001111111111100100001110010000111001000011111000000000001111000000111100000011110110010000111001000011100100001010101001001010100100101010010
1000111000010010011000110110000100100110010001100110011000101001100010010010011000110110000100100110010001100110011000101001100010110010000110111111111111000000011000110001100011001100100001000001111000111000010011100001111100000010100100101010010010000010110100001011010101010010
1000111000001001010101011010000010010101100110001001000110011010100100001001010101011010000010010101100110001001000110011010100100101001001011011111110110001100111100000001010100101010010010001110000100000111100011100001101001001011110000001001001100000010110101010100100000101101
1000111000000100101101101100000001001011101010010010101001000100011001000100101101101100000001001011101010010010101001000100011001100100110011101111110101010010010101001011110000001001001100001110000100111000010000011110100100110010010011001111000000010101001000001011010000101101
0011000110010001100110000001110011100001010001100110101001001010100100110010000100110110001100100001001100011001000110010100011001010010011011110111111000111000000111010000011101000100100110001110000111000010101100001010010010011000011101000001110100101000100110100010010101010010
0101000101001010101010000001110101010010101010010001000110011001100010101001001001011010001010010010010001100100110001100100011001001001010111111011110001110100100011100000101010100010010101110000101000111000011100010100000111010001001001100010101010101000100101010100101010001001
0110000011000111010010000001110110001100100110001010011000100100011001100100110001101100001001001100010001100101000110010011000110000100101111111101110010101010001010101010001110000001001011110001010011000101000011100001001010101000101010100100100110010101001010100010011010001001
0110000011100100110001101100001001001100010001100101000110010011000110000111010010000001110110001100100110001010011000100100011001000111010011111110110010010101001001010110000001110001110100110000101011000010100011100001001001010100100101010100011001010101001010101001001010100100
0101000101101001001001011010001010010010010001100100110001100100011001001010101010000001110101010010101010010001000110011001100010001010101011111111010001001011100000011100100101010010101010110001010000111000011100001010000100101101000110010010010101101010010001010100101010100100
0011000110110010000100110110001100100001001100011001000110010100011001010001100110000001110011100001010001100110101001001010100100010001100111111111101000000111000100101100010010110100011001001110000111000101001100010100010001100100010010110001001011101010010010101001000101010010
0100100110111100000001000110010011000110100011100001010001010101000101111100000001000110010011000110100011100001010001010101000101111100000011001000010111111111101001001010100100100000011110111100000000001011010000101101110010000101010100100101010010110010000111001000010110001100
0100100110100011100000110001100100011001010010011010010100011001010001100011100000110001100100011001010010011010010100011001010001110010000111110000001011111111011000110001100011000000011110110010000101010100100101010010111100000000001011010000101101101001001010100100100110001100
0100100110001001010110011000101001100010001001010100101010101100010100001001010110011000101001100010001001010100101010101100010100011000110001100011001101111111111100000000111000010011100001101001001000001011010101010010101001001000001011010101010010111100000010010011000000110011
0100100110000100101110101001001010100100000100101111000101000010101010000100101110101001001010100100000100101111000101000010101010010101001001010100101110111111001110000111110000000011100001100100110001010100100000101101100100110001010100100000101101100100110011110000000000110011
0011011000100000011101000110010100011001001110000111000101001100010100110010000100110001100011000110110010000100101010100010101010100011100010001110001111011111000111010000011101000011100001010010011010100010011010001001010010011010100010011010001001000111010000011101000110001100
1001010001001010101001000110011010100100010101001000101010101001010001011000110010011000100100011001101001001001010001010010101010001001010100011101001111101111100011100001000110011100001010001001010101010100101010100100000111010010100010010101010010010010011000101010101001010001
1010001001000111010001000110011001100010011000110010010100010010101010010101001010101001000100011001100100110000101010100101000101000100101100101010101111110111010001100110001110001100010100000100101110101001000101010010001010101001010100101010001001001010101001001001101001010001
1010001001010101001010101001000100011001100100110000101010100101000101000111010001000110011001100010011000110010010100010010101010000111010000100101011111111011010010011010000001111100001010000111010010100010010101010010001001010101010100101010100100001001010101000110011001100010
1001010001011000110010011000100100011001101001001001010001010010101010001010101001000110011010100100010101001000101010101001010001001010101000010010111111111101100000011101001001101100010100001010101001010100101010001001000100101110101001000101010010010001100100100101011001100010
0011011000110010000100110001100011000110110010000100101010100010101010100000011101000110010100011001001110000111000101001100010100100000011110000001111111111110000100101100010010110011100001010001100110101001001010100100010001100110101001001010100100000100101100010010110110001100
0010010101111100000000101010100101000101010100010110001110000110000011111100000000101010100101000101010100010110001110000110000011111100000010100100101010010010011111111110010011000000101101000010110111110000000000110011010101001011001000010110001100110010000101100011001100100001
0010010101100011100001010001010010101010100101000101001001101010001001100011100001010001010010101010100101000101001001101010001001101001001011110000000110001100101111111101010100100000101101010101001011001000010110001100000010110111110000000000110011101001001001100011001010010010
0010010101010010011010010100011001010001001010101000100101011100001010010010011010010100011001010001001010101000100101011100001010011000110001100011001111000000110111111100111000010101010010000010110110100100100110001100000010110110100100100110001100111100000000001100111001001100
0010010101000100101111000101001100010100110001010000010010110001110100000100101111000101001100010100110001010000010010110001110100001110000100111000010011100001111011111111110000000101010010010101001010010011000000110011010101001010010011000000110011100100110000001100111111000000
0101101000100000011100101010100010101010110001010000111000011100001010101001001001010001010101000101001010101011001000010001110100100011100010001110000001110100111101111100101010100101010010101000100101001001101001010001101000100101001001101001010001000111010001100011000001110100
1001100010010001100100101010101100010100001010101001010100101010001001011000110010010100010010101010010100010110100100100001110100010010011000011101001000111000111110111101000110011010001001010101001000100101011001100010101000100100011101000110001100010010011010010100010010101010
1100001010000111010000101010101001010001100101000101100011000001110100001110000111000101000010101010001010101010010011000110000011000100101101000110010100011001111111011110001110001010100100101010010000010010110110001100010101001000101010101001010001001010101010010100010100100110
1100001010001110000111000101000010101010001010101010010011000110000011000111010000101010101001010001100101000101100011000001110100000111010001001001100100100110111111101110000001111010001001101000100100011101000110001100010101001000100101011001100010001001010110011000100100011001
1001100010011000110010010100010010101010010100010110100100100001110100010001100100101010101100010100001010101001010100101010001001010001100100010010111000000111111111110101001001101010100100010101001000101010101001010001101010010000010010110110001100010001100110011000100010010101
0101101000101001001001010001010101000101001010101011001000010001110100100000011100101010100010101010110001010000111000011100001010100000011110000001110001001011111111111000100101010101010010101010010001000110011001100010101010010001000110011001100010000100101101100011000001001011
0001001011111100000000011101000110000011011000001101100000111000111000111100000000011101000110000011011000001101100000111000111000111100000010010011001001001100100100110001111111110000110011000011001100001100111111000000011000110001100011001100100001011000110011001000011100100001
0001001011100011100001100000110001110100101000100110100010010100100110100011100001100000110001110100101000100110100010010100100110100100110011110000000101010010010101001010111111110000110011011000110001100011001100100001000011001100001100111111000000011000110010100100101010010010
0001001011010010011010100010011010001001000111010011000010100010010101010010011010100010011010001001000111010011000010100010010101010101001001010100101111000000001110000111011111110110001100000011001101100011001010010010000011001101100011001010010010000011001111110000001001001100
0001001011001001010111000010101100001010110000101000011101000001001011001001010111000010101100001010110000101000011101000001001011001110000100111000010011100001111100000011101111110110001100011000110000001100111001001100011000110000001100111001001100000011001110010011001111000000
0110110000100000011100011101000001110100110000101011000010100011100001100100110001100000110110000011000111010000011101001100100001100011100010001110000010101010001010101011110111110110001100100101000110010100010100100110100101000110010100010100100110011000110000011101000001110100
1010100100010001100100011101001100001010000111010010100010010101010010010101001010100010010001110100011000001100011101001010010010010010011000101010101000111000010001100111111011111001010001011000110010011000100010010101100101000101100011000001110100100101000101001001100010101010
1100010100001010101000011101001010001001101000100100011101000110001100001110000111000010100001110100000111010001100000111001001100001001010101000110010100011001100011100011111101111001100010100110001001100011000001001011011000110010010100010010101010100101000100101010100100100110
1100010100001110000111000010100001110100000111010001100000111001001100001010101000011101001010001001101000100100011101000110001100001010101001001001100100100110100000011111111110111001010001100101000101100011000001110100011000110010011000100010010101100110001000100101010100011001
1010100100010101001010100010010001110100011000001100011101001010010010010001100100011101001100001010000111010010100010010101010010010001100100100101011000000111010010011011111111011001100010011000110010010100010010101010100110001001100011000001001011100110001001000110010010010101
0110110000100100110001100000110110000011000111010000011101001100100001100000011100011101000001110100110000101011000010100011100001100000011110000001110010010101001001010111111111100110001100100110001010011000100100011001100110001010011000100100011001011000110000010010110001001011
1000000111100000011111110000001111000000000001111000000111100000011110100000011111110000001111000000000001111000000111100000011110111100000011110000000000011110000001111000000111100111111111110010000111001000011100100001110010000111001000011100100001100100110010010011001001001100
1000000111001101100001001001100100100110001110000111000010101100001010001101100001001001100100100110001110000111000010101100001010110010000111001000010000011110001110000100111000011011111111111100000001100011000110001100111100000001100011000110001100000011001100001100111001001100
1000000111010110100000100101010010010101110000101000111000011100010100010110100000100101010010010101110000101000111000011100010100101001001010100100100011100001000001111000111000011101111111011000110011110000000101010010011000110011110000000101010010000011001110010011000000110011
1000000111011011000000010010110001001011110001010011000101000011100001011011000000010010110001001011110001010011000101000011100001100100110010010011000011100001001110000100000111101110111111010101001001010100101111000000010101001001010100101111000000100100110000001100110000110011
0011011000100000011101000110010100011001001110000111000101001100010100001101100011001000011100100001000001111000111000010011100001010010011001001001100011100001110000101011000010101111011111100011100000011101000001110100100011100000011101000001110100011000001101100000111001001100
0101101000100000011100101010100010101010110001010000111000011100001010010110100010100100101010010010001110000100000111100011100001001001010100100101011100001010001110000111000101001111101111000111010010001110000010101010000111010010001110000010101010011000001110010011000110000011
0110110000100000011100011101000001110100110000101011000010100011100001011011000010010011001001001100001110000100111000010000011110000100101100010010111100010100110001010000111000011111110111001010101000101010101000111000001010101000101010101000111000100100110001100000110110000011
0110110000011011000010010011001001001100001110000100111000010000011110100000011100011101000001110100110000101011000010100011100001000111010000011101001100001010110000101000111000011111111011001001010100100101011000000111001001010100100101011000000111100100110001101100000110110000
0101101000010110100010100100101010010010001110000100000111100011100001100000011100101010100010101010110001010000111000011100001010001010101000101010101100010100001110000111000010101111111101000100101110000001110010010101000100101110000001110010010101011011000010010011000110110000
0011011000001101100011001000011100100001000001111000111000010011100001100000011101000110010100011001001110000111000101001100010100010001100101000110010011100001110001010011000101001111111110100000011100010010110001001011100000011100010010110001001011011011000001101100001001001100
0100011001010001100111110000000000011110111100000000001011010000101101010001100111110000000000011110111100000000001011010000101101111100000000000111101111000000000010110100001011011100100001011111111110100100101010010010110010000110010011001001001100110010000111001000011010010010
0100011001001100011010001110000011100001010010011010100010011010001001001100011010001110000011100001010010011010100010011010001001110010000100000111101100100001010101001001010100101111000000101111111101100011000110001100111100000000001100110000110011011000110001100011001010010010
0100011001100110001000100101011100001010001001010101010100101010100100100110001000100101011100001010001001010101010100101010100100011000110000111000011010010010000010110101010100100110001100110111111111110000000011100001011000110000001100111001001100111100000001010100100000101101
0100011001101010010000010010111100010100000100101110101001000101010010101010010000010010111100010100000100101110101001000101010010010101001000111000011001001100010101001000001011010101010010111011111100111000011111000000010101001010010011000000110011010101001011110000000000101101
0011000110010001100110000001110011100001010001100110101001001010100100001100011011001000010000011110110010000101010100100101010010100011100000111000010100100110101000100110100010011000111000111101111100011101000001110100100011100001100000110110000011000111010000011101001010010010
1001100010010001100100101010101100010100001010101001010100101010001001100110001001100011000011100001101001001000001011010101010010001001010111000010100010010101010101001010101001000001110100111110111110001110000100011001000111010001100000111001001100100011100000101010100101000101
1010100100010001100100011101001100001010000111010010100010010101010010101010010001010100100011100001100100110001010100100000101101000100101111000101000001001011101010010001010100100010101010111111011101000110011000111000001010101010010011000110000011001010101010001110000101000101
1010100100101010010001010100100011100001100100110001010100100000101101010001100100011101001100001010000111010010100010010101010010000111010011000010100001110100101000100101010100100010010101111111101101001001101000000111001001010110010011000110110000001001010110000001110101101000
1001100010100110001001100011000011100001101001001000001011010101010010010001100100101010101100010100001010101001010100101010001001001010101011000101000010101010010101001010100010010001001011111111110110000001110100100110000100101101101100001001001100100000011100100101010101101000
0011000110001100011011001000010000011110110010000101010100100101010010010001100110000001110011100001010001100110101001001010100100100000011100111000010100011001101010010010101001001000000111111111111000010010110001001011100000011101101100000110110000000100101100010010111010010010
0010101010001010101011110000000000101101000010110111110000000000110011001010101011110000000000101101000010110111110000000000110011111100000000001011010000101101111100000000001100111010010010101001001001111111111001001100100100110011001000011010010010110010000110100100101100100001
0010101010010100010110001110000101010010101000100101001001101001010001010100010110001110000101010010101000100101001001101001010001101001001000001011010101010010110010000101100011001111000000011000110010111111110101010010000011001111110000000000101101011000110010100100100110001100
0010101010100101000101001001101010001001010101001000100101011001100010100101000101001001101010001001010101001000100101011001100010011000110001010100100000101101101001001001100011000110001100111100000011011111110011100001000011001101100011001010010010111100000000001011010101010010
0010101010110001010000010010111010100100101010010000010010110110001100110001010000010010111010100100101010010000010010110110001100001110000101010100100101010010100100110000001100110011100001001110000111101111111111000000100100110001010100100000101101010101001000001011011111000000
0101000101001010101010000001110101010010101010010001000110011001100010010100010110100100100000101101010101001011001000010110001100100011100001010100101010001001010010011010010100011000111000000111010011110111110010101010011000001110001110000101000101000111010010100100100001110100
1001010001001010101001000110011010100100010101001000101010101001010001100101000101100011000101010010000010110110100100100110001100010010011010100010010101010010001001010110011000100001110100100011100011111011110100011001011000001100011101001010010010100011100001010001010010101010
1100010100001010101000011101001010001001101000100100011101000110001100110001010000111000010101010010010101001010010011000000110011000100101110101001001010100100000100101101100011000100011001010001100111111101111000111000100100110000101010100101000101001010101001010001011000111000
1100010100110001010000111000010101010010010101001010010011000000110011001010101000011101001010001001101000100100011101000110001100000111010010100010011010001001000111010001100011000100100110010010011011111110111000000111100100110000100101010101101000001001010101011010001000000111
1001010001100101000101100011000101010010000010110110100100100110001100001010101001000110011010100100010101001000101010101001010001010001100110101001000101010010001010101010010100010001001011100000011111111111010100100110011011000000010010111010010010100000011101011010000010010101
0101000101010100010110100100100000101101010101001011001000010110001100001010101010000001110101010010101010010001000110011001100010100000011101010100101010100100010001100110011000101000000111000100101111111111100010010101011011000010000001110101101000000100101110100100100001001011
0001110100000111010011110000000000110011000011001100001100111111000000000111010011110000000000110011000011001100001100111111000000111100000000001100110000110011000011001111110000001001001100100100110010010011000111111111101001001010100100101100100001101001001011001000011100100001
0001110100011000001110001110000110001100100101000110010100010100100110011000001110001110000110001100100101000110010100010100100110100100110000001100110110001100011000110011001000011111000000010101001001010100101011111111000010110100001011011111000000101001001001100011000110001100
0001110100101000100101001001101001010001011000110010011000100010010101101000100101001001101001010001011000110010011000100010010101010101001001100011000000110011011000110010100100100101010010111100000000111000011101111111000010110110100100100110001100000010110111110000000101010010
0001110100110000101000100101011001100010100110001001100011000001001011110000101000100101011001100010100110001001100011000001001011001110000101100011000110001100000011001110010011000011100001001110000111110000001110111111101001001000001011010101010010000010110101010100101111000000
0110000011000111010010000001110110001100100110001010011000100100011001011000001110010011000000110011011000110001100011001100100001100011100001100011001001010001100101000101001001101000111000001010101000101010101111011111010100010101010001011000111000101001001000011101000001110100
1010001001000111010001000110011001100010011000110010010100010010101010101000100101010100100110001100000011001101100011001010010010010010011010010100010110001100100110001000100101010010101010100011100001000110011111101111010100010110100100100001110100010100010110001110000010101010
1100001010000111010000101010101001010001100101000101100011000001110100110000101000111000010110001100011000110000001100111001001100001001010110011000101001100010011000110000010010110100011001010001100110001110001111110111101001001001010001010010101010010100010100101010101000111000
1100001010110000101000111000010110001100011000110000001100111001001100000111010000101010101001010001100101000101100011000001110100001010101010010100011001010001011000110000011101000100100110010010011010000001111111111011101001001001011010000010010101010110100000100101011000000111
1010001001101000100101010100100110001100000011001101100011001010010010000111010001000110011001100010011000110010010100010010101010010001100110011000100110001100100101000100101010100010010101100000011101001001101111111101010110100010100100100001001011010110100010000001110010010101
0110000011011000001110010011000000110011011000110001100011001100100001000111010010000001110110001100100110001010011000100100011001100000011101100011001001100010100110001001000110011000000111001001010100100101011111111110010110100001011010001000000111101001001000010010110001001011
0011100001001110000100000111101111000000111100000000001100110000110011001110000100000111101111000000111100000000001100110000110011000001111011110000001111000000000011001100001100111100100001110010000110010011001001001100011111111110100100101010010010101001001010100100101100100001
0011100001000001111000111000011000111000100011100001100000110110000011000001111000111000011000111000100011100001100000110110000011000001111011001000011100100001100100110010010011001111000000111100000000001100110000110011101111111101100011000110001100011000110001100011001100100001
0011100001110000101011000010100010010101001001010110010011000110110000110000101011000010100010010101001001010110010011000110110000001110000101100011000110001100000011001110010011000110001100011000110000001100111001001100110111111111110000000011100001111100000000111000010000011110
0011100001110001010011000101000001001011000100101101101100001001001100110001010011000101000001001011000100101101101100001001001100001110000101010100100101010010100100110000001100110101010010010101001010010011000000110011111011111100111000011111000000001110000111110000000000011110
0000011110001110000100111000011000000111100000011101101100000110110000000001111000000111101100100001110010000110010011001001001100001110000110001110001000111000011000001101100000111000111000100011100001100000110110000011111101111100011101000001110100000111010000011101001100100001
1100001010001110000111000101000010101010001010101010010011000110000011110000101000111000010110001100011000110000001100111001001100110000101000100101010010010101100100110001101100000001110100000111010001100000111001001100111110111110001110000100011001100011100001000110010011000110
1100010100001110000111000010100001110100000111010001100000111001001100110001010000111000010101010010010101001010010011000000110011110001010000010010110001001011011011000010010011000010101010001010101010010011000110000011111111011101000110011000111000010001100110001110000011000110
1100010100110001010000111000010101010010010101001010010011000000110011001110000111000010100001110100000111010001100000111001001100110000101000011101000001110100011000001110010011000010010101001001010110010011000110110000111111101101001001101000000111010010011010000001110011011000
1100001010110000101000111000010110001100011000110000001100111001001100001110000111000101000010101010001010101010010011000110000011110001010000101010100010101010100100110001100000110001001011000100101101101100001001001100111111110110000001110100100110100000011101001001100011011000
0000011110000001111000000111101100100001110010000110010011001001001100001110000100111000011000000111100000011101101100000110110000001110000110000001111000000111011011000001101100001000000111100000011101101100000110110000111111111000010010110001001011000100101100010010111100100001
0101010010010101001000001011011111000000000011001111110000000000101101010101001000001011011111000000000011001111110000000000101101000010110111110000000000110011111100000000001011011010010010100100110011001000011010010010101001001001111111111001001100101001001011001000011010010010
0101010010000010110101010100101000111000011000001110001110000101000101000010110101010100101000111000011000001110001110000101000101000010110110100100101001001100110010000110100100101111000000000011001111110000000000101101011000110010111111110101010010011000110011001000010110001100
0101010010101000100110100010010100100110100100110000100101010101101000101000100110100010010100100110100100110000100101010101101000010101001001100011000000110011011000110010100100100110001100000011001101100011001010010010111100000011011111110011100001111100000000000111100011100001
0101010010101010010010101001000001001011011011000000010010111010010010101010010010101001000001001011011011000000010010111010010010010101001000111000011001001100010101001000001011010011100001100100110001010100100000101101001110000111101111111111000000001110000100000111101111000000
0000101101010101001001010100101000000111011011000010000001110101101000000010110100001011011010010010100100110011001000011010010010010101001010001110000110000011100011100001010001011000111000011000001110001110000101000101000111010011110111110010101010000111010011001000010001110100
1010001001010101001010101001000100011001100100110000101010100101000101101000100101010100100110001100000011001101100011001010010010101000100101001001101001001100001001010101011010000001110100011000001100011101001010010010100011100011111011110100011001100011100000110001100100011001
1010100100010101001010100010010001110100011000001100011101001010010010101010010001010100100011100001100100110001010100100000101101101010010000010010110110110000000100101110100100100100011001100100110000101010100101000101010001100111111101111000111000010001100100110001101000111000
1010100100101010010001010100100011100001100100110001010100100000101101010101001010100010010001110100011000001100011101001010010010101000100100011101000110000011000111010010100100100100100110100100110000100101010101101000010010011011111110111000000111010010011000110110001000000111
1010001001101000100101010100100110001100000011001101100011001010010010010101001010101001000100011001100100110000101010100101000101101010010001000110011001001100001010101001010001010001001011011011000000010010111010010010100000011111111111010100100110100000011100110110000100100110
0000101101000010110100001011011010010010100100110011001000011010010010010101001001010100101000000111011011000010000001110101101000010101001010000001110110110000100000011101011010001000000111011011000010000001110101101000000100101111111111100010010101000100101111001000010001001011
0110001100011000110000001100111111000000000010110100001011011111000000011000110000001100111111000000000010110100001011011111000000000011001111110000000000101101000010110111110000001001001100101001001010100100101100100001100100110010010011000111111111110010000110100100101010010010
0110001100000011001101100011001000111000010100010101010001011000111000000011001101100011001000111000010100010101010001011000111000000011001110010011001010010010101001001011001000011111000000000010110100001011011111000000010101001001010100101011111111110010000101100011000110001100
0110001100100101000110010100010100100110101001001001011010000010010101100101000110010100010100100110101001001001011010000010010101011000110001010100100000101101101001001001100011000101010010000010110110100100100110001100111100000000111000011101111111000001111011110000000011100001
0110001100100110001010011000100010010101010110100010100100100001001011100110001010011000100010010101010110100010100100100001001011011000110000111000011010010010000010110101010100100011100001101001001000001011010101010010001110000111110000001110111111000001111000111000011111000000
0000110011011000110001100011001000000111010110100001011010001000000111000011001100001100111001001100101001001010100100101100100001011000110010001110000101000101010100010110001110001000111000010100010101010001011000111000001010101000101010101111011111110010000100011101000001110100
1001010001011000110010011000100100011001101001001001010001010010101010100101000101100011000101010010000010110110100100100110001100100101000101001001101010010010010110100000100101010010101010010100010110100100100001110100100011100001000110011111101111001100011010001110000100011001
1001100010011000110010010100010010101010010100010110100100100001110100100110001001100011000011100001101001001000001011010101010010100110001000100101010101101000101001001000010010110100011001101001001001010001010010101010010001100110001110001111110111001100011001000110011000111000
1001100010100110001001100011000011100001101001001000001011010101010010011000110010010100010010101010010100010110100100100001110100100101000100101010100101000101101001001000011101000100100110101001001001011010000010010101010010011010000001111111111011001101100001001001101000000111
1001010001100101000101100011000101010010000010110110100100100110001100011000110010011000100100011001101001001001010001010010101010100110001001000110011010010010010100010100101010100010010101010110100010100100100001001011100000011101001001101111111101001101100010000001110100100110
0000110011000011001100001100111001001100101001001010100100101100100001011000110001100011001000000111010110100001011010001000000111011000110010000001110101101000010110100010000001111000000111010110100001011010001000000111001001010100100101011111111110110010000100010010110001001011
1001001100100100110000001100110000110011111100000011110000000000011110100100110000001100110000110011111100000011110000000000011110000011001100001100111111000000111100000000000111101001001100101001001010100100101100100001101001001010100100101100100001011111111110010011001001001100
1001001100000011001110010011000110000011100011100010001110000011000110000011001110010011000110000011100011100010001110000011000110000011001110010011001010010010101001001011001000010000110011111100000011110000000000011110011000110001100011001100100001101111111101010100100101010010
1001001100011000001101100000111001001100010010011001001001100011011000011000001101100000111001001100010010011001001001100011011000100100110000001100110110001100011000110011001000010000110011011000110001100011001100100001111100000011110000000000011110110111111100111000010011100001
1001001100011011000001101100000110110000000100101100010010111100100001011011000001101100000110110000000100101100010010111100100001100100110010010011000011100001001110000100000111101001001100001110000100111000010000011110001110000100111000010000011110111011111111110000001111000000
0000110011100100110010010011000110110000100000011110000001110011011000000011001100001100111001001100101001001010100100101100100001100100110001100000111000111000100011100000110001100110000011100011100010001110000011000110000111010000011101001100100001111101111100101010100010101010
0110000011100100110001101100001001001100010001100101000110010011000110011000001110010011000000110011011000110001100011001100100001011000001110010011000100100110010010011000110110000110000011000111010000011101001100100001100011100010001110000011000110111110111101000110010100011001
0110110000100100110001100000110110000011000111010000011101001100100001011011000010010011001001001100001110000100111000010000011110011011000001101100000001001011000100101111001000011001001100010001100101000110010011000110010001100101000110010011000110111111011110001110001000111000
0110110000011011000010010011001001001100001110000100111000010000011110100100110001100000110110000011000111010000011101001100100001011000001101100000110001110100000111010011001000011001001100010010011001001001100011011000010010011001001001100011011000111111101110000001111000000111
0110000011011000001110010011000000110011011000110001100011001100100001100100110001101100001001001100010001100101000110010011000110011011000010010011000100011001010001100100110001100110110000000100101100010010111100100001100000011110000001110011011000111111110101001001100100100110
0000110011000011001100001100111001001100101001001010100100101100100001100100110010010011000110110000100000011110000001110011011000100100110001101100001000000111100000011100110110000110110000100000011110000001110011011000000100101100010010111100100001111111111000100101010010010101
1010010010101001001000001011010000101101111100000000000111101111000000101001001000001011010000101101111100000000000111101111000000000010110100001011011111000000000001111011110000001010010010100100110011001000011010010010100100110011001000011010010010100100110001111111111001001100
1010010010000010110110100100100101000101100011100000110001101000111000000010110110100100100101000101100011100000110001101000111000000010110110100100101001001100110010000110100100100000101101111100000000000111101111000000010101001011001000010110001100010101001010111111110101010010
1010010010010100010101010001011010010010010010011000110110000100100110010100010101010001011010010010010010011000110110000100100110101001001000001011010101010010110010000101100011000000101101010101001011001000010110001100111100000000000111101111000000001110000111011111110011100001
1010010010010110100001011010000101101000001001010111001000010001001011010110100001011010000101101000001001010111001000010001001011101001001010100100100011100001000001111000111000011010010010001110000100000111100011100001001110000100000111100011100001111100000011101111111111000000
0000101101101001001010100100100101101000100000011100110110001000000111000010110100001011011010010010100100110011001000011010010010101001001001010001011000111000001100011010001110000101000101100011100000110001101000111000001010101011001000010001110100001010101011110111110010101010
0101000101101001001001011010001010010010010001100100110001100100011001010100010110100100100000101101010101001011001000010110001100010100010110100100100100100110001101100001001001100101000101001010101011001000010001110100100011100000110001101000111000010001100111111011110100011001
0101101000101001001001010001010101000101001010101011001000010001110100010110100010100100101010010010001110000100000111100011100001010110100001011010000010010101110010000100010010111010010010010001100100110001100100011001010001100100110001100100011001100011100011111101111000111000
0101101000010110100010100100101010010010001110000100000111100011100001101001001001010001010101000101001010101011001000010001110100010100010101010001010010101010110010000100011101001010010010010010011000110110000100100110010010011000110110000100100110100000011111111110111000000111
0101000101010100010110100100100000101101010101001011001000010110001100101001001001011010001010010010010001100100110001100100011001010110100010100100100100011001001100011001000110010101101000001001010111001000010001001011100000011100110110001000000111010010011011111111010100100110
0000101101000010110100001011011010010010100100110011001000011010010010101001001010100100100101101000100000011100110110001000000111101001001001011010001000000111001101100010000001110101101000100000011100110110001000000111001001010111001000010001001011001001010111111111100010010101
1100100001110010000100000111100000011110000001111011110000001111000000110010000100000111100000011110000001111011110000001111000000000001111000000111100000011110111100000011110000001100100001110010000110010011001001001100110010000110010011001001001100100100110010010011000111111111
1100100001000001111011001000010011000110001100011010001110001000111000000001111011001000010011000110001100011010001110001000111000000001111011001000011100100001100100110010010011000000011110000001111011110000001111000000110010000101010100100101010010010101001001010100101011111111
1100100001001100011000110001101100100001001101100001001001100100100110001100011000110001101100100001001101100001001001100100100110110010000100000111101100100001010101001001010100100000011110110010000101010100100101010010000001111011110000001111000000001110000100111000011101111111
1100100001001101100000110110000011011000110010000100100101010010010101001101100000110110000011011000110010000100100101010010010101110010000111001000010000011110001110000100111000011100100001000001111000111000010011100001000001111000111000010011100001111100000011110000001110111111
0000011110110010000111001000010011011000001101100010000001111000000111000001111000000111101100100001110010000110010011001001001100110010000100110001100011000110100011100010001110000011000110001100011010001110001000111000110010000100101010100010101010001010101000101010101111011111
0011000110110010000100110110001100100001001100011001000110010100011001001100011011001000010000011110110010000101010100100101010010001100011011001000010011011000010010011001001001100011000110110010000100101010100010101010001100011010001110001000111000010001100101000110011111101111
0011011000110010000100110001100011000110110010000100101010100010101010001101100011001000011100100001000001111000111000010011100001001101100000110110001100100001001001010100100101011100100001001100011001000110010100011001001100011001000110010100011001100011100010001110001111110111
0011011000001101100011001000011100100001000001111000111000010011100001110010000100110001100011000110110010000100101010100010101010001100011000110001101100100001001010101000101010101100100001001101100001001001100100100110001101100001001001100100100110100000011110000001111111111011
0011000110001100011011001000010000011110110010000101010100100101010010110010000100110110001100100001001100011001000110010100011001001101100011001000010011000110010001100101000110010011011000110010000100100101010010010101001101100010000001111000000111010010011001001001101111111101
0000011110000001111000000111101100100001110010000110010011001001001100110010000111001000010011011000001101100010000001111000000111110010000100110110000011011000100000011110000001110011011000001101100010000001111000000111110010000100100101010010010101001001010100100101011111111110
