01111111111111100000000000000
10111111000000011111110000000
11011110100000010000001111110
11101000011100001110001110001
11110000010011001001100001111
11100001001010100101011101100
11100000101100110001110010011
11000100110001110110101001001
10100011000111000110100111010
10011001000101110100010100111
10010110000110101010011001011
10010010111001000011111100100
10001100101001101111000010110
10001001110110011001011011000
10000111011010011000100110101
01100011010001101010011010110
01011000001011110010110111000
01010101110010000011010110011
01010001101110011100101000110
01001110000111000100111010101
01001011100100101011000101101
01000110011101011101000101010
00110101001101010011000011101
00110100110100101100110011100
00110010100011111101001100001
00101101101001001000111100011
00101100010110110011101100010
00101010111010010110010001101
00011011011000100101101011010
