01111111111111111110000000000000000
10111111111000000001111111100000000
11011111100110000001100000011111100
11101110010101100000011100011100011
11110001110100011000010011010011011
11110001100001100111011000101010110
11110000001111010100101110111001000
11101100010000011111001011001101100
11101100001011001010110001110010101
11011001001001101011100110000101011
11000010110011110101110101000001101
10111010000010111101000101110110010
10100010101100111010110110001110100
10010110111000001110000100111001111
10010100011110010111111000000110011
10001011001110100110011011010001110
10001001110111000110000111101110001
10000111001101111001001001101011001
10000101110011111000101010110100110
01100101011100100100100101100111110
01100010111010100011001010110111001
01011100101010110000001111001010111
01010111000000110110110011111100001
01010010011111001001010011101100110
01001011010010011010111100101011010
01001001101100011101011100110100101
01000110100101001111101111010010010
00111010100101010010101001100101111
00110111000011001100011110000111101
00110001010110101011101101011000101
00101100100110101101110010101001011
00101011011001010101100010011010111
00100101101011010011010101011101010
00011100010101110011010110110011100
00011000111001101100111001011111000