0111111111111000000000000000000000000000
1011000000000111111111000000000000000000
1101000000000000000000111111111000000000
1110000000000000000000000000000111111111
1000011000000111000000111000000111000000
1000101000000000111000000111000000111000
1000110000000000000111000000111000000111
1000000011000111000000000111000000000111
1000000101000000111000000000111111000000
1000000110000000000111111000000000111000
1000000000011111000000000000111000111000
1000000000101000111000111000000000000111
1000000000110000000111000111000111000000
0100100100100000100100100100100100100100
0100100100100000010010010010010010010010
0100100100100000001001001001001001001001
0100010010010100000100010010001010001001
0100010010010010000001100001100001100010
0100010010010001000010001100010100010100
0100001001001100100000001001010001010010
0100001001001010001000100100001010100001
0100001001001001010000010010100100001100
0010100001010100010010000001010100001001
0010100001010010100001000100001001010100
0010100001010001001100000010100010100010
0010010100001100001010010000100001001010
0010010100001010100001001000010100100001
0010010100001001010100100000001010010100
0010001010100100010001001100000010010001
0010001010100010001100100010000001001100
0010001010100001100010010001000100100010
0001100010001100001001100010001000010010
0001100010001010100010001001100000001100
0001100010001001010100010100010000100001
0001010001100100010010001010001001000100
0001010001100010001100010001100100000001
0001010001100001100001100100010010000010
0001001100010100001001010001010010100000
0001001100010010010100001100001100001000
0001001100010001100010100010100001010000