011111111111100000000000000000000000000000000
101110000000011111111000000000000000000000000
110110000000000000000111111110000000000000000
111001000000010000000100000001111110000000000
111000100000001000000010000000000001111110000
100100011000010000000001000001000001100001110
100010000110000100000000100001100000011001001
100001000101001010000000011000010000000101100
100001000011000001100000000110001001100000001
100000110000100110000000000110110000000010010
100000101000100001010100100000000100000100101
100000011000100000101000011000001010011000000
100000000111000000011011000000000110000010010
010101000000000100100000010000000100010010111
010010010000000010001000000100000111000101001
010000100100010011000001001000001000001000011
010000010100001100010000100010001010100000100
010000001010000100110001001000110001000100000
010000001001010001001000100010010000010011000
010000000010100011001010010001100000100000100
010000000001101000110100000101000000001001010
001100000010000000001000100100011000001100110
001010000000100000010001010000011000100011001
001001000000100101000010101000000011000001010
001000100010000010100101000010000010010001100
001000010001010000010010001100100000010000101
001000010001000101000001010011000100001100000
001000001100001000001100010010100001000000011
001000001100000010100000101101000100100010000
000101100000000000011000001010100100101001000
000100100100000001010000010101010011010000000
000100010100000001100110000000101000000111000
000100001001000110000110000000010010101000001
000100000010111000000000001011000010000110001
000100000001101010000001100000101101010000000
000011001000001001000001000100100010001010100
000011001000000010010010000011001000010100010
000010100001010000100000110000100010100100010
000010100001000100001100001001001001000010100
000010010010001001000100001000010100110000010
000010000100110000100010000010010101001000100
000001110000001000101011100001010000000000001
000001010010010010010100110000000001001010000
000001000100110100001101000100000000110100000
000000101010011100000010010100001100000001000