01111111111111111111110000000000000000000000000000
10111111110000000000001111111111110000000000000000
11011111001100000000001100000000001111111111000000
11101100100011100000000011100000001111000000111110
11110100001000011100000000011110000000111000111101
11111000000000000011110010000001110000100111110011
11100000010110010011001001011001001100010100001011
11100000000011011011000101100100110010011011000100
11010000000100111100100100100011111101000010001001
11000010001101000110011010100110101000000101101100
10101000010011100100010100011010010001001111001010
10100010110000101001101000010001100011101001101100
10010011001001110000101001010100100001000110010111
10010001011010100010010000110101011110101000100001
10010000101111000001100110001111000100110001000110
10001011100010001100011000000011011010010001010111
10001001100100010101100010111100001010001110100010
10001000111000011010010111001000100111100100000101
10000111010001000101100001101010000110100011011001
10000111000100101010010010001100110101011000011010
10000100100110101010011101110010000000110110110000
10000100011001010101101111000001011001011000110000
01100010010110010000110110100110000011101000010011
01100001101000100100111001101000100100011001100011
01010100010000101101011001000111000110001110000110
01010011000010000110110110011001000011010010101100
01010001110001001010101100001000011000101100011110
01001010001111001000100001001011110110001100110000
01001010001000101111000101110101001001100001010010
01001001010011101001001010001010101001110010100001
01001000111000110010101010010100010110010011011000
01000110100101110000010011011000011000101011000101
01000101110110000101000100010100010101000101110101
01000101101001010001010000110011100011110100001010
00110010110001011000010000101101000101010111110000
00110010100001100111000110010010101010011100010001
00110001000101011110001011010010010101100001100010
00110000101110000101011001001100111010100010011000
00101100000101100110101000101101010011010100000101
00101011000000110001110101000110011100100100101100
00101001001101001001011110110001000100000010011101
00100110011010001100100010110000111100110010000110
00100101101010001010100011000111001001001101001001
00100101011100110010000100001011101010000010110110
00011100010101001000110101010100101010010001001011
00011100000010010011111000111010101101001001000100
00011010111100000011000001100010010001011010100111
00011001010110110100000011100001100000111101011000
00010110001010111001001110101000010010000101101001
00001110100011010110001100000101100100101010101010