0111111111111111111000000000000000000000000000000000000000000000
1011000000000000000111111111111111000000000000000000000000000000
1101000000000000000000000000000000111111111111111000000000000000
1110000000000000000000000000000000000000000000000111111111111111
1000011000000000000111110000000000111110000000000111110000000000
1000101000000000000000001111100000000001111100000000001111100000
1000110000000000000000000000011111000000000011111000000000011111
1000000011000000000111001100000000110001000011000000001100011100
1000000100100000000100000011011000001000110000110111000010000010
1000000100010000000000100000110110000100101000101100111001000000
1000000010001000000000101000100101100110000100010000100100110001
1000000001001000000011010010000001000011010100001010000010001011
1000000000110000000000010101001010011000001011000001010001100100
1000000000000011000100110001000100001001101010000000100100001011
1000000000000101000010001100110000000010000101011111000001000100
1000000000000110000001000010001011110100010000100000011010110000
1000000000000000011100110000101000000101010100100001000001011100
1000000000000000101010001000010110101010001010000010001010100010
1000000000000000110001000111000001010000100001011100110100000001
0100100110000100100000000000000011000010001101001000010011100001
0100100100010010010000000001001000000100110010010000100001110001
0100100100010001001000000000100100001000001100110001000100100110
0100100001100100100000000110000000010000010010011010001000100110
0100100000011100100000001000010000100000100001110100001110010000
0100010100100010010000010000000001010000011000101001110000001010
0100010100001010001000100000000010001111000000100100000010010011
0100010010010001001000100000010000100010001011000001100001011000
0100010010001100001010000000000100100100000100101010011000001100
0100010001100010100001000000001000101000100011000010010010001001
0100001011000010010000010010000000011101000100000000010100100101
0100001010001001100010000000100000010011001000001100101100000010
0100001001100100010001000001000000010011010001000101000011010000
0100001001001001010100000100000000100000110100010011100100001000
0100001000110001001100001000000000001101100010000110001001000100
0010100100100001010000010011100010000001000000001100000001000111
0010100100001001001000101000011100000000100100000010000011001001
0010100010001100010001000100110001000000010000001000101001011000
0010100001100001100010000101010001000000001001000001000110001010
0010100000110010010100000110001100000000100000100000011100001100
0010010100010100100000000100011101100000000000010011110000100000
0010010011000100001010010000100011010010000000000001000000110110
0010010010010001100010101000000110001000000001000100010100000101
0010010001001100010101001010001000000100000000010110000000010101
0010010000110010100101000001010010010000000010000100101000010010
0010001100001100010010100010100001000000000100100101010110000000
0010001100001010001100010010100100000100010000000010101000100010
0010001011000001100001011101000000000010000010000010100001100001
0010001010100010001011110000000010000001001000000000011011001000
0010001001010010001100101001001000101000000000000001000110110000
0001100011000010001000010100001101100000011110000000000000101000
0001100010010010010000100001100011010001001001100000000100010000
0001100010001010100001001010000110000101100010001000001000000001
0001100001100100001010001010001010001001000101100000000010000100
0001100001001001001100001001110000000011010010010000000000010010
0001010101000001010000110001001001001010000101010001000000000001
0001010100100100001001010000011010000110010010001010000001000000
0001010010010001010100010100100100010100000010011000100000000100
0001010001001010100110000010000101111000000000110000000100000010
0001010000101001010111100000010000000001100001101100000000001000
0001001100100001100010010110000100001000101100001010010000000000
0001001100010100100000001011100010011110000000010100000000100000
0001001100001010100001100001010001100010111000000000100010000000
0001001010010100010001101100001000100100100101000000010001000000
0001001000110100001110000100110000110000011000100001001000000000